700027
700057
700067
700079
700081
700087
700099
700103
700109
700127
700129
700171
700199
700201
700211
700223
700229
700237
700241
700277
700279
700303
700307
700319
700331
700339
700361
700363
700367
700387
700391
700393
700423
700429
700433
700459
700471
700499
700523
700537
700561
700571
700573
700577
700591
700597
700627
700633
700639
700643
700673
700681
700703
700717
700751
700759
700781
700789
700801
700811
700831
700837
700849
700871
700877
700883
700897
700907
700919
700933
700937
700949
700963
700993
701009
701011
701023
701033
701047
701089
701117
701147
701159
701177
701179
701209
701219
701221
701227
701257
701279
701291
701299
701329
701341
701357
701359
701377
701383
701399
701401
701413
701417
701419
701443
701447
701453
701473
701479
701489
701497
701507
701509
701527
701531
701549
701579
701581
701593
701609
701611
701621
701627
701629
701653
701669
701671
701681
701699
701711
701719
701731
701741
701761
701783
701791
701819
701837
701863
701881
701903
701951
701957
701963
701969
702007
702011
702017
702067
702077
702101
702113
702127
702131
702137
702139
702173
702179
702193
702199
702203
702211
702239
702257
702269
702281
702283
702311
702313
702323
702329
702337
702341
702347
702349
702353
702379
702391
702407
702413
702431
702433
702439
702451
702469
702497
702503
702511
702517
702523
702529
702539
702551
702557
702587
702589
702599
702607
702613
702623
702671
702679
702683
702701
702707
702721
702731
702733
702743
702773
702787
702803
702809
702817
702827
702847
702851
702853
702869
702881
702887
702893
702913
702937
702983
702991
703013
703033
703039
703081
703117
703121
703123
703127
703139
703141
703169
703193
703211
703217
703223
703229
703231
703243
703249
703267
703277
703301
703309
703321
703327
703331
703349
703357
703379
703393
703411
703441
703447
703459
703463
703471
703489
703499
703531
703537
703559
703561
703631
703643
703657
703663
703673
703679
703691
703699
703709
703711
703721
703733
703753
703763
703789
703819
703837
703849
703861
703873
703883
703897
703903
703907
703943
703949
703957
703981
703991
704003
704009
704017
704023
704027
704029
704059
704069
704087
704101
704111
704117
704131
704141
704153
704161
704177
704183
704189
704213
704219
704233
704243
704251
704269
704279
704281
704287
704299
704303
704309
704321
704357
704393
704399
704419
704441
704447
704449
704453
704461
704477
704507
704521
704527
704549
704551
704567
704569
704579
704581
704593
704603
704617
704647
704657
704663
704681
704687
704713
704719
704731
704747
704761
704771
704777
704779
704783
704797
704801
704807
704819
704833
704839
704849
704857
704861
704863
704867
704897
704929
704933
704947
704983
704989
704993
704999
705011
705013
705017
705031
705043
705053
705073
705079
705097
705113
705119
705127
705137
705161
705163
705167
705169
705181
705191
705197
705209
705247
705259
705269
705277
705293
705307
705317
705389
705403
705409
705421
705427
705437
705461
705491
705493
705499
705521
705533
705559
705613
705631
705643
705689
705713
705737
705751
705763
705769
705779
705781
705787
705821
705827
705829
705833
705841
705863
705871
705883
705899
705919
705937
705949
705967
705973
705989
706001
706003
706009
706019
706033
706039
706049
706051
706067
706099
706109
706117
706133
706141
706151
706157
706159
706183
706193
706201
706207
706213
706229
706253
706267
706283
706291
706297
706301
706309
706313
706337
706357
706369
706373
706403
706417
706427
706463
706481
706487
706499
706507
706523
706547
706561
706597
706603
706613
706621
706631
706633
706661
706669
706679
706703
706709
706729
706733
706747
706751
706753
706757
706763
706787
706793
706801
706829
706837
706841
706847
706883
706897
706907
706913
706919
706921
706943
706961
706973
706987
706999
707011
707027
707029
707053
707071
707099
707111
707117
707131
707143
707153
707159
707177
707191
707197
707219
707249
707261
707279
707293
707299
707321
707341
707359
707383
707407
707429
707431
707437
707459
707467
707501
707527
707543
707561
707563
707573
707627
707633
707647
707653
707669
707671
707677
707683
707689
707711
707717
707723
707747
707753
707767
707789
707797
707801
707813
707827
707831
707849
707857
707869
707873
707887
707911
707923
707929
707933
707939
707951
707953
707957
707969
707981
707983
708007
708011
708017
708023
708031
708041
708047
708049
708053
708061
708091
708109
708119
708131
708137
708139
708161
708163
708179
708199
708221
708223
708229
708251
708269
708283
708287
708293
708311
708329
708343
708347
708353
708359
708361
708371
708403
708437
708457
708473
708479
708481
708493
708497
708517
708527
708559
708563
708569
708583
708593
708599
708601
708641
708647
708667
708689
708703
708733
708751
708803
708823
708839
708857
708859
708893
708899
708907
708913
708923
708937
708943
708959
708979
708989
708991
708997
709043
709057
709097
709117
709123
709139
709141
709151
709153
709157
709201
709211
709217
709231
709237
709271
709273
709279
709283
709307
709321
709337
709349
709351
709381
709409
709417
709421
709433
709447
709451
709453
709469
709507
709519
709531
709537
709547
709561
709589
709603
709607
709609
709649
709651
709663
709673
709679
709691
709693
709703
709729
709739
709741
709769
709777
709789
709799
709817
709823
709831
709843
709847
709853
709861
709871
709879
709901
709909
709913
709921
709927
709957
709963
709967
709981
709991
710009
710023
710027
710051
710053
710081
710089
710119
710189
710207
710219
710221
710257
710261
710273
710293
710299
710321
710323
710327
710341
710351
710371
710377
710383
710389
710399
710441
710443
710449
710459
710473
710483
710491
710503
710513
710519
710527
710531
710557
710561
710569
710573
710599
710603
710609
710621
710623
710627
710641
710663
710683
710693
710713
710777
710779
710791
710813
710837
710839
710849
710851
710863
710867
710873
710887
710903
710909
710911
710917
710929
710933
710951
710959
710971
710977
710987
710989
711001
711017
711019
711023
711041
711049
711089
711097
711121
711131
711133
711143
711163
711173
711181
711187
711209
711223
711259
711287
711299
711307
711317
711329
711353
711371
711397
711409
711427
711437
711463
711479
711497
711499
711509
711517
711523
711539
711563
711577
711583
711589
711617
711629
711649
711653
711679
711691
711701
711707
711709
711713
711727
711731
711749
711751
711757
711793
711811
711817
711829
711839
711847
711859
711877
711889
711899
711913
711923
711929
711937
711947
711959
711967
711973
711983
712007
712021
712051
712067
712093
712109
712121
712133
712157
712169
712171
712183
712199
712219
712237
712279
712289
712301
712303
712319
712321
712331
712339
712357
712409
712417
712427
712429
712433
712447
712477
712483
712489
712493
712499
712507
712511
712531
712561
712571
712573
712601
712603
712631
712651
712669
712681
712687
712693
712697
712711
712717
712739
712781
712807
712819
712837
712841
712843
712847
712883
712889
712891
712909
712913
712927
712939
712951
712961
712967
712973
712981
713021
713039
713059
713077
713107
713117
713129
713147
713149
713159
713171
713177
713183
713189
713191
713227
713233
713239
713243
713261
713267
713281
713287
713309
713311
713329
713347
713351
713353
713357
713381
713389
713399
713407
713411
713417
713467
713477
713491
713497
713501
713509
713533
713563
713569
713597
713599
713611
713627
713653
713663
713681
713737
713743
713747
713753
713771
713807
713827
713831
713833
713861
713863
713873
713891
713903
713917
713927
713939
713941
713957
713981
713987
714029
714037
714061
714073
714107
714113
714139
714143
714151
714163
714169
714199
714223
714227
714247
714257
714283
714341
714349
714361
714377
714443
714463
714479
714481
714487
714503
714509
714517
714521
714529
714551
714557
714563
714569
714577
714601
714619
714673
714677
714691
714719
714739
714751
714773
714781
714787
714797
714809
714827
714839
714841
714851
714853
714869
714881
714887
714893
714907
714911
714919
714943
714947
714949
714971
714991
715019
715031
715049
715063
715069
715073
715087
715109
715123
715151
715153
715157
715159
715171
715189
715193
715223
715229
715237
715243
715249
715259
715289
715301
715303
715313
715339
715357
715361
715373
715397
715417
715423
715439
715441
715453
715457
715489
715499
715523
715537
715549
715567
715571
715577
715579
715613
715621
715639
715643
715651
715657
715679
715681
715699
715727
715739
715753
715777
715789
715801
715811
715817
715823
715843
715849
715859
715867
715873
715877
715879
715889
715903
715909
715919
715927
715943
715961
715963
715969
715973
715991
715999
716003
716033
716063
716087
716117
716123
716137
716143
716161
716171
716173
716249
716257
716279
716291
716299
716321
716351
716383
716389
716399
716411
716413
716447
716449
716453
716459
716477
716479
716483
716491
716501
716531
716543
716549
716563
716581
716591
716621
716629
716633
716659
716663
716671
716687
716693
716707
716713
716731
716741
716743
716747
716783
716789
716809
716819
716827
716857
716861
716869
716897
716899
716917
716929
716951
716953
716959
716981
716987
717001
717011
717047
717089
717091
717103
717109
717113
717127
717133
717139
717149
717151
717161
717191
717229
717259
717271
717289
717293
717317
717323
717331
717341
717397
717413
717419
717427
717443
717449
717463
717491
717511
717527
717529
717533
717539
717551
717559
717581
717589
717593
717631
717653
717659
717667
717679
717683
717697
717719
717751
717797
717803
717811
717817
717841
717851
717883
717887
717917
717919
717923
717967
717979
717989
718007
718043
718049
718051
718087
718093
718121
718139
718163
718169
718171
718183
718187
718241
718259
718271
718303
718321
718331
718337
718343
718349
718357
718379
718381
718387
718391
718411
718423
718427
718433
718453
718457
718463
718493
718511
718513
718541
718547
718559
718579
718603
718621
718633
718657
718661
718691
718703
718717
718723
718741
718747
718759
718801
718807
718813
718841
718847
718871
718897
718901
718919
718931
718937
718943
718973
718999
719009
719011
719027
719041
719057
719063
719071
719101
719119
719143
719149
719153
719167
719177
719179
719183
719189
719197
719203
719227
719237
719239
719267
719281
719297
719333
719351
719353
719377
719393
719413
719419
719441
719447
719483
719503
719533
719557
719567
719569
719573
719597
719599
719633
719639
719659
719671
719681
719683
719689
719699
719713
719717
719723
719731
719749
719753
719773
719779
719791
719801
719813
719821
719833
719839
719893
719903
719911
719941
719947
719951
719959
719981
719989
720007
720019
720023
720053
720059
720089
720091
720101
720127
720133
720151
720173
720179
720193
720197
720211
720221
720229
720241
720253
720257
720281
720283
720289
720299
720301
720311
720319
720359
720361
720367
720373
720397
720403
720407
720413
720439
720481
720491
720497
720527
720547
720569
720571
720607
720611
720617
720619
720653
720661
720677
720683
720697
720703
720743
720763
720767
720773
720779
720791
720793
720829
720847
720857
720869
720877
720887
720899
720901
720913
720931
720943
720947
720961
720971
720983
720991
720997
721003
721013
721037
721043
721051
721057
721079
721087
721109
721111
721117
721129
721139
721141
721159
721163
721169
721177
721181
721199
721207
721213
721219
721223
721229
721243
721261
721267
721283
721291
721307
721319
721321
721333
721337
721351
721363
721379
721381
721387
721397
721439
721451
721481
721499
721529
721547
721561
721571
721577
721597
721613
721619
721621
721631
721661
721663
721687
721697
721703
721709
721733
721739
721783
721793
721843
721849
721859
721883
721891
721909
721921
721951
721961
721979
721991
721997
722011
722023
722027
722047
722063
722069
722077
722093
722119
722123
722147
722149
722153
722159
722167
722173
722213
722237
722243
722257
722273
722287
722291
722299
722311
722317
722321
722333
722341
722353
722363
722369
722377
722389
722411
722417
722431
722459
722467
722479
722489
722509
722521
722537
722539
722563
722581
722599
722611
722633
722639
722663
722669
722713
722723
722737
722749
722783
722791
722797
722807
722819
722833
722849
722881
722899
722903
722921
722933
722963
722971
722977
722983
723029
723031
723043
723049
723053
723067
723071
723089
723101
723103
723109
723113
723119
723127
723133
723157
723161
723167
723169
723181
723193
723209
723221
723227
723257
723259
723263
723269
723271
723287
723293
723319
723337
723353
723361
723379
723391
723407
723409
723413
723421
723439
723451
723467
723473
723479
723491
723493
723529
723551
723553
723559
723563
723587
723589
723601
723607
723617
723623
723661
723721
723727
723739
723761
723791
723797
723799
723803
723823
723829
723839
723851
723857
723859
723893
723901
723907
723913
723917
723923
723949
723959
723967
723973
723977
723997
724001
724007
724021
724079
724093
724099
724111
724117
724121
724123
724153
724187
724211
724219
724259
724267
724277
724291
724303
724309
724313
724331
724393
724403
724433
724441
724447
724453
724459
724469
724481
724487
724499
724513
724517
724519
724531
724547
724553
724567
724573
724583
724597
724601
724609
724621
724627
724631
724639
724643
724651
724721
724723
724729
724733
724747
724751
724769
724777
724781
724783
724807
724813
724837
724847
724853
724879
724901
724903
724939
724949
724961
724967
724991
724993
725009
725041
725057
725071
725077
725099
725111
725113
725119
725147
725149
725159
725161
725189
725201
725209
725273
725293
725303
725317
725321
725323
725327
725341
725357
725359
725371
725381
725393
725399
725423
725437
725447
725449
725479
725507
725519
725531
725537
725579
725587
725597
725603
725639
725653
725663
725671
725687
725723
725731
725737
725749
725789
725801
725807
725827
725861
725863
725867
725891
725897
725909
725929
725939
725953
725981
725983
725993
725999
726007
726013
726023
726043
726071
726091
726097
726101
726107
726109
726137
726139
726149
726157
726163
726169
726181
726191
726221
726287
726289
726301
726307
726331
726337
726367
726371
726377
726379
726391
726413
726419
726431
726457
726463
726469
726487
726497
726521
726527
726533
726559
726589
726599
726601
726611
726619
726623
726629
726641
726647
726659
726679
726689
726697
726701
726707
726751
726779
726787
726797
726809
726811
726839
726841
726853
726893
726899
726911
726917
726923
726941
726953
726983
726989
726991
727003
727009
727019
727021
727049
727061
727063
727079
727121
727123
727157
727159
727169
727183
727189
727201
727211
727241
727247
727249
727261
727267
727271
727273
727289
727297
727313
727327
727343
727351
727369
727399
727409
727427
727451
727459
727471
727483
727487
727499
727501
727541
727561
727577
727589
727613
727621
727633
727667
727673
727691
727703
727711
727717
727729
727733
727747
727759
727763
727777
727781
727799
727807
727817
727823
727843
727847
727877
727879
727891
727933
727939
727949
727981
727997
728003
728017
728027
728047
728069
728087
728113
728129
728131
728173
728191
728207
728209
728261
728267
728269
728281
728293
728303
728317
728333
728369
728381
728383
728417
728423
728437
728471
728477
728489
728521
728527
728537
728551
728557
728561
728573
728579
728627
728639
728647
728659
728681
728687
728699
728701
728713
728723
728729
728731
728743
728747
728771
728809
728813
728831
728837
728839
728843
728851
728867
728869
728873
728881
728891
728899
728911
728921
728927
728929
728941
728947
728953
728969
728971
728993
729019
729023
729037
729041
729059
729073
729139
729143
729173
729187
729191
729199
729203
729217
729257
729269
729271
729293
729301
729329
729331
729359
729367
729371
729373
729389
729403
729413
729451
729457
729473
729493
729497
729503
729511
729527
729551
729557
729559
729569
729571
729577
729587
729601
729607
729613
729637
729643
729649
729661
729671
729679
729689
729713
729719
729737
729749
729761
729779
729787
729791
729821
729851
729871
729877
729907
729913
729919
729931
729941
729943
729947
729977
729979
729991
730003
730021
730033
730049
730069
730091
730111
730139
730157
730187
730199
730217
730237
730253
730277
730283
730297
730321
730339
730363
730397
730399
730421
730447
730451
730459
730469
730487
730537
730553
730559
730567
730571
730573
730589
730591
730603
730619
730633
730637
730663
730669
730679
730727
730747
730753
730757
730777
730781
730783
730789
730799
730811
730819
730823
730837
730843
730853
730867
730879
730889
730901
730909
730913
730943
730969
730973
730993
730999
731033
731041
731047
731053
731057
731113
731117
731141
731173
731183
731189
731191
731201
731209
731219
731233
731243
731249
731251
731257
731261
731267
731287
731299
731327
731333
731359
731363
731369
731389
731413
731447
731483
731501
731503
731509
731531
731539
731567
731587
731593
731597
731603
731611
731623
731639
731651
731681
731683
731711
731713
731719
731729
731737
731741
731761
731767
731779
731803
731807
731821
731827
731831
731839
731851
731869
731881
731893
731909
731911
731921
731923
731933
731957
731981
731999
732023
732029
732041
732073
732077
732079
732097
732101
732133
732157
732169
732181
732187
732191
732197
732209
732211
732217
732229
732233
732239
732257
732271
732283
732287
732293
732299
732311
732323
732331
732373
732439
732449
732461
732467
732491
732493
732497
732509
732521
732533
732541
732601
732617
732631
732653
732673
732689
732703
732709
732713
732731
732749
732761
732769
732799
732817
732827
732829
732833
732841
732863
732877
732889
732911
732923
732943
732959
732967
732971
732997
733003
733009
733067
733097
733099
733111
733123
733127
733133
733141
733147
733157
733169
733177
733189
733237
733241
733273
733277
733283
733289
733301
733307
733321
733331
733333
733339
733351
733373
733387
733391
733393
733399
733409
733427
733433
733459
733477
733489
733511
733517
733519
733559
733561
733591
733619
733639
733651
733687
733697
733741
733751
733753
733757
733793
733807
733813
733823
733829
733841
733847
733849
733867
733871
733879
733883
733919
733921
733937
733939
733949
733963
733973
733981
733991
734003
734017
734021
734047
734057
734087
734113
734131
734143
734159
734171
734177
734189
734197
734203
734207
734221
734233
734263
734267
734273
734291
734303
734329
734347
734381
734389
734401
734411
734423
734429
734431
734443
734471
734473
734477
734479
734497
734537
734543
734549
734557
734567
734627
734647
734653
734659
734663
734687
734693
734707
734717
734729
734737
734743
734759
734771
734803
734807
734813
734819
734837
734849
734869
734879
734887
734897
734911
734933
734941
734953
734957
734959
734971
735001
735019
735043
735061
735067
735071
735073
735083
735107
735109
735113
735139
735143
735157
735169
735173
735181
735187
735193
735209
735211
735239
735247
735263
735271
735283
735307
735311
735331
735337
735341
735359
735367
735373
735389
735391
735419
735421
735431
735439
735443
735451
735461
735467
735473
735479
735491
735529
735533
735557
735571
735617
735649
735653
735659
735673
735689
735697
735719
735731
735733
735739
735751
735781
735809
735821
735829
735853
735871
735877
735883
735901
735919
735937
735949
735953
735979
735983
735997
736007
736013
736027
736037
736039
736051
736061
736063
736091
736093
736097
736111
736121
736147
736159
736181
736187
736243
736247
736249
736259
736273
736277
736279
736357
736361
736363
736367
736369
736381
736387
736399
736403
736409
736429
736433
736441
736447
736469
736471
736511
736577
736607
736639
736657
736679
736691
736699
736717
736721
736741
736787
736793
736817
736823
736843
736847
736867
736871
736889
736903
736921
736927
736937
736951
736961
736973
736987
736993
737017
737039
737041
737047
737053
737059
737083
737089
737111
737119
737129
737131
737147
737159
737179
737183
737203
737207
737251
737263
737279
737281
737287
737291
737293
737309
737327
737339
737351
737353
737411
737413
737423
737431
737479
737483
737497
737501
737507
737509
737531
737533
737537
737563
737567
737573
737591
737593
737617
737629
737641
737657
737663
737683
737687
737717
737719
737729
737747
737753
737767
737773
737797
737801
737809
737819
737843
737857
737861
737873
737887
737897
737921
737927
737929
737969
737981
737999
738011
738029
738043
738053
738071
738083
738107
738109
738121
738151
738163
738173
738197
738211
738217
738223
738247
738263
738301
738313
738317
738319
738341
738349
738373
738379
738383
738391
738401
738403
738421
738443
738457
738469
738487
738499
738509
738523
738539
738547
738581
738583
738589
738623
738643
738677
738707
738713
738721
738743
738757
738781
738791
738797
738811
738827
738839
738847
738851
738863
738877
738889
738917
738919
738923
738937
738953
738961
738977
738989
739003
739021
739027
739031
739051
739061
739069
739087
739099
739103
739111
739117
739121
739153
739163
739171
739183
739187
739199
739201
739217
739241
739253
739273
739283
739301
739303
739307
739327
739331
739337
739351
739363
739369
739373
739379
739391
739393
739397
739399
739433
739439
739463
739469
739493
739507
739511
739513
739523
739549
739553
739579
739601
739603
739621
739631
739633
739637
739649
739693
739699
739723
739751
739759
739771
739777
739787
739799
739813
739829
739847
739853
739859
739861
739909
739931
739943
739951
739957
739967
739969
740011
740021
740023
740041
740053
740059
740087
740099
740123
740141
740143
740153
740161
740171
740189
740191
740227
740237
740279
740287
740303
740321
740323
740329
740351
740359
740371
740387
740423
740429
740461
740473
740477
740483
740513
740521
740527
740533
740549
740561
740581
740591
740599
740603
740651
740653
740659
740671
740681
740687
740693
740711
740713
740717
740737
740749
740801
740849
740891
740893
740897
740903
740923
740939
740951
740969
740989
741001
741007
741011
741031
741043
741053
741061
741071
741077
741079
741101
741119
741121
741127
741131
741137
741163
741187
741193
741227
741229
741233
741253
741283
741337
741341
741343
741347
741373
741401
741409
741413
741431
741457
741467
741469
741473
741479
741491
741493
741509
741541
741547
741563
741569
741593
741599
741641
741661
741667
741677
741679
741683
741691
741709
741721
741781
741787
741803
741809
741827
741833
741847
741857
741859
741869
741877
741883
741913
741929
741941
741967
741973
741991
742009
742031
742037
742057
742069
742073
742111
742117
742127
742151
742153
742193
742199
742201
742211
742213
742219
742229
742241
742243
742253
742277
742283
742289
742307
742327
742333
742351
742369
742381
742393
742409
742439
742457
742499
742507
742513
742519
742531
742537
742541
742549
742559
742579
742591
742607
742619
742657
742663
742673
742681
742697
742699
742711
742717
742723
742757
742759
742783
742789
742801
742817
742891
742897
742909
742913
742943
742949
742967
742981
742991
742993
742999
743027
743047
743059
743069
743089
743111
743123
743129
743131
743137
743143
743159
743161
743167
743173
743177
743179
743203
743209
743221
743251
743263
743269
743273
743279
743297
743321
743333
743339
743363
743377
743401
743423
743447
743507
743549
743551
743573
743579
743591
743609
743657
743669
743671
743689
743693
743711
743731
743747
743777
743779
743791
743803
743819
743833
743837
743849
743851
743881
743891
743917
743921
743923
743933
743947
743987
743989
744019
744043
744071
744077
744083
744113
744127
744137
744179
744187
744199
744203
744221
744239
744251
744253
744283
744301
744313
744353
744371
744377
744389
744391
744397
744407
744409
744431
744451
744493
744503
744511
744539
744547
744559
744599
744607
744637
744641
744649
744659
744661
744677
744701
744707
744721
744727
744739
744761
744767
744791
744811
744817
744823
744829
744833
744859
744893
744911
744917
744941
744949
744959
744977
745001
745013
745027
745033
745037
745051
745067
745103
745117
745133
745141
745181
745187
745189
745201
745231
745243
745247
745249
745273
745301
745307
745337
745343
745357
745369
745379
745391
745397
745471
745477
745517
745529
745531
745543
745567
745573
745601
745609
745621
745631
745649
745673
745697
745699
745709
745711
745727
745733
745741
745747
745751
745753
745757
745817
745837
745859
745873
745903
745931
745933
745939
745951
745973
745981
745993
745999
746017
746023
746033
746041
746047
746069
746099
746101
746107
746117
746129
746153
746167
746171
746177
746183
746191
746197
746203
746209
746227
746231
746233
746243
746267
746287
746303
746309
746329
746353
746363
746371
746411
746413
746429
746477
746479
746483
746497
746503
746507
746509
746531
746533
746561
746563
746597
746653
746659
746671
746677
746723
746737
746743
746747
746749
746773
746777
746791
746797
746807
746813
746839
746843
746869
746873
746891
746899
746903
746939
746951
746957
746959
746969
746981
746989
747037
747049
747053
747073
747107
747113
747139
747157
747161
747199
747203
747223
747239
747259
747277
747283
747287
747319
747323
747343
747361
747377
747391
747401
747407
747421
747427
747449
747451
747457
747463
747493
747497
747499
747521
747529
747547
747557
747563
747583
747587
747599
747611
747619
747647
747673
747679
747713
747731
747737
747743
747763
747781
747811
747827
747829
747833
747839
747841
747853
747863
747869
747871
747889
747917
747919
747941
747953
747977
747979
747991
748003
748019
748021
748039
748057
748091
748093
748133
748169
748183
748199
748207
748211
748217
748219
748249
748271
748273
748283
748301
748331
748337
748339
748343
748361
748379
748387
748441
748453
748463
748471
748481
748487
748499
748513
748523
748541
748567
748589
748597
748603
748609
748613
748633
748637
748639
748669
748687
748691
748703
748711
748717
748723
748729
748763
748777
748789
748801
748807
748817
748819
748823
748829
748831
748849
748861
748871
748877
748883
748889
748921
748933
748963
748973
748981
748987
749011
749027
749051
749069
749081
749083
749093
749129
749137
749143
749149
749153
749167
749171
749183
749197
749209
749219
749237
749249
749257
749267
749279
749297
749299
749323
749339
749347
749351
749383
749393
749401
749423
749429
749431
749443
749449
749453
749461
749467
749471
749543
749557
749587
749641
749653
749659
749677
749701
749711
749729
749741
749747
749761
749773
749779
749803
749807
749809
749843
749851
749863
749891
749893
749899
749909
749923
749927
749939
749941
749971
749993
750019
750037
750059
750077
750083
750097
750119
750121
750131
750133
750137
750151
750157
750161
750163
750173
750179
750203
750209
750223
750229
750287
750311
750313
750353
750383
750401
750413
750419
750437
750457
750473
750487
750509
750517
750521
750553
750571
750599
750613
750641
750653
750661
750667
750679
750691
750707
750713
750719
750721
750749
750769
750787
750791
750797
750803
750809
750817
750829
750853
750857
750863
750917
750929
750943
750961
750977
750983
751001
751007
751021
751027
751057
751061
751087
751103
751123
751133
751139
751141
751147
751151
751181
751183
751189
751193
751199
751207
751217
751237
751259
751273
751277
751291
751297
751301
751307
751319
751321
751327
751343
751351
751357
751363
751367
751379
751411
751423
751447
751453
751463
751481
751523
751529
751549
751567
751579
751609
751613
751627
751631
751633
751637
751643
751661
751669
751691
751711
751717
751727
751739
751747
751753
751759
751763
751787
751799
751813
751823
751841
751853
751867
751871
751879
751901
751909
751913
751921
751943
751957
751969
751987
751997
752009
752023
752033
752053
752083
752093
752107
752111
752117
752137
752149
752177
752183
752189
752197
752201
752203
752207
752251
752263
752273
752281
752287
752291
752293
752299
752303
752351
752359
752383
752413
752431
752447
752449
752459
752483
752489
752503
752513
752519
752527
752569
752581
752593
752603
752627
752639
752651
752681
752683
752699
752701
752707
752747
752771
752789
752797
752803
752809
752819
752821
752831
752833
752861
752867
752881
752891
752903
752911
752929
752933
752977
752993
753001
753007
753019
753023
753031
753079
753091
753127
753133
753139
753143
753161
753187
753191
753197
753229
753257
753307
753329
753341
753353
753367
753373
753383
753409
753421
753427
753437
753439
753461
753463
753497
753499
753527
753547
753569
753583
753587
753589
753611
753617
753619
753631
753647
753659
753677
753679
753689
753691
753707
753719
753721
753737
753743
753751
753773
753793
753799
753803
753811
753821
753839
753847
753859
753931
753937
753941
753947
753959
753979
753983
754003
754027
754037
754043
754057
754067
754073
754081
754093
754099
754109
754111
754121
754123
754133
754153
754157
754181
754183
754207
754211
754217
754223
754241
754249
754267
754279
754283
754289
754297
754301
754333
754337
754343
754367
754373
754379
754381
754399
754417
754421
754427
754451
754463
754483
754489
754513
754531
754549
754573
754577
754583
754597
754627
754639
754651
754703
754709
754711
754717
754723
754739
754751
754771
754781
754811
754829
754861
754877
754891
754903
754907
754921
754931
754937
754939
754967
754969
754973
754979
754981
754991
754993
755009
755033
755057
755071
755077
755081
755087
755107
755137
755143
755147
755171
755173
755203
755213
755233
755239
755257
755267
755273
755309
755311
755317
755329
755333
755351
755357
755371
755387
755393
755399
755401
755413
755437
755441
755449
755473
755483
755509
755539
755551
755561
755567
755569
755593
755597
755617
755627
755663
755681
755707
755717
755719
755737
755759
755767
755771
755789
755791
755809
755813
755861
755863
755869
755879
755899
755903
755959
755969
755977
756011
756023
756043
756053
756097
756101
756127
756131
756139
756149
756167
756179
756191
756199
756227
756247
756251
756253
756271
756281
756289
756293
756319
756323
756331
756373
756403
756419
756421
756433
756443
756463
756467
756527
756533
756541
756563
756571
756593
756601
756607
756629
756641
756649
756667
756673
756683
756689
756703
756709
756719
756727
756739
756773
756799
756829
756839
756853
756869
756881
756887
756919
756923
756961
756967
756971
757019
757039
757063
757067
757109
757111
757151
757157
757171
757181
757201
757241
757243
757247
757259
757271
757291
757297
757307
757319
757327
757331
757343
757363
757381
757387
757403
757409
757417
757429
757433
757457
757481
757487
757507
757513
757517
757543
757553
757577
757579
757583
757607
757633
757651
757661
757693
757699
757709
757711
757727
757751
757753
757763
757793
757807
757811
757819
757829
757879
757903
757909
757927
757937
757943
757951
757993
757997
758003
758029
758041
758053
758071
758083
758099
758101
758111
758137
758141
758159
758179
758189
758201
758203
758227
758231
758237
758243
758267
758269
758273
758279
758299
758323
758339
758341
758357
758363
758383
758393
758411
758431
758441
758449
758453
758491
758501
758503
758519
758521
758551
758561
758573
758579
758599
758617
758629
758633
758671
758687
758699
758707
758711
758713
758729
758731
758741
758743
758753
758767
758783
758789
758819
758827
758837
758851
758867
758887
758893
758899
758929
758941
758957
758963
758969
758971
758987
759001
759019
759029
759037
759047
759053
759089
759103
759113
759131
759149
759167
759173
759179
759181
759193
759223
759229
759263
759287
759293
759301
759313
759329
759359
759371
759377
759397
759401
759431
759433
759457
759463
759467
759491
759503
759523
759547
759553
759557
759559
759569
759571
759581
759589
759599
759617
759623
759631
759637
759641
759653
759659
759673
759691
759697
759701
759709
759719
759727
759739
759757
759763
759797
759799
759821
759833
759881
759893
759911
759923
759929
759947
759953
759959
759961
759973
760007
760043
760063
760079
760093
760103
760117
760129
760141
760147
760153
760163
760169
760183
760187
760211
760229
760231
760237
760241
760261
760267
760273
760289
760297
760301
760321
760343
760367
760373
760411
760423
760433
760447
760453
760457
760477
760489
760499
760511
760519
760531
760537
760549
760553
760561
760567
760579
760607
760619
760621
760637
760649
760657
760693
760723
760729
760759
760769
760783
760807
760813
760841
760843
760847
760871
760891
760897
760901
760913
760927
760933
760939
760951
760961
760993
760997
761003
761009
761023
761051
761069
761087
761113
761119
761129
761153
761161
761177
761179
761183
761203
761207
761213
761227
761249
761251
761261
761263
761291
761297
761347
761351
761357
761363
761377
761381
761389
761393
761399
761407
761417
761429
761437
761441
761443
761459
761471
761477
761483
761489
761521
761531
761533
761543
761561
761567
761591
761597
761603
761611
761623
761633
761669
761671
761681
761689
761711
761713
761731
761773
761777
761779
761807
761809
761833
761861
761863
761869
761879
761897
761927
761939
761963
761977
761983
761993
762001
762007
762017
762031
762037
762049
762053
762061
762101
762121
762187
762211
762227
762233
762239
762241
762253
762257
762277
762319
762329
762367
762371
762373
762379
762389
762397
762401
762407
762409
762479
762491
762499
762529
762539
762547
762557
762563
762571
762577
762583
762599
762647
762653
762659
762667
762721
762737
762743
762761
762779
762791
762809
762821
762823
762847
762871
762877
762893
762899
762901
762913
762917
762919
762959
762967
762973
762989
763001
763013
763027
763031
763039
763043
763067
763073
763093
763111
763123
763141
763157
763159
763183
763201
763223
763237
763261
763267
763271
763303
763307
763339
763349
763369
763381
763391
763403
763409
763417
763423
763429
763447
763457
763471
763481
763493
763513
763523
763549
763559
763573
763579
763583
763597
763601
763613
763619
763621
763627
763649
763663
763673
763699
763739
763751
763753
763757
763771
763787
763801
763811
763823
763843
763859
763879
763883
763897
763901
763907
763913
763921
763927
763937
763943
763957
763967
763999
764003
764011
764017
764021
764041
764051
764053
764059
764081
764089
764111
764131
764143
764149
764171
764189
764209
764233
764249
764251
764261
764273
764293
764317
764321
764327
764339
764341
764369
764381
764399
764431
764447
764459
764471
764501
764521
764539
764551
764563
764587
764591
764593
764611
764623
764627
764629
764657
764683
764689
764717
764719
764723
764783
764789
764809
764837
764839
764849
764857
764887
764891
764893
764899
764903
764947
764969
764971
764977
764989
764993
764999
765007
765031
765041
765043
765047
765059
765091
765097
765103
765109
765131
765137
765139
765143
765151
765169
765181
765199
765203
765209
765211
765227
765229
765241
765251
765257
765283
765287
765293
765307
765313
765319
765329
765353
765379
765383
765389
765409
765437
765439
765461
765467
765487
765497
765503
765521
765533
765539
765577
765581
765587
765613
765619
765623
765649
765659
765673
765707
765727
765749
765763
765767
765773
765781
765823
765827
765847
765851
765857
765859
765881
765889
765893
765899
765907
765913
765931
765949
765953
765971
765983
765991
766021
766039
766049
766067
766079
766091
766097
766109
766111
766127
766163
766169
766177
766187
766211
766223
766229
766231
766237
766247
766261
766273
766277
766301
766313
766321
766333
766357
766361
766369
766373
766387
766393
766399
766421
766439
766453
766457
766471
766477
766487
766501
766511
766531
766541
766543
766553
766559
766583
766609
766637
766639
766651
766679
766687
766721
766739
766757
766763
766769
766793
766807
766811
766813
766817
766861
766867
766873
766877
766891
766901
766907
766937
766939
766943
766957
766967
766999
767017
767029
767051
767071
767089
767093
767101
767111
767131
767147
767153
767161
767167
767203
767243
767279
767287
767293
767309
767317
767321
767323
767339
767357
767359
767381
767399
767423
767443
767471
767489
767509
767513
767521
767527
767537
767539
767549
767551
767587
767597
767603
767617
767623
767633
767647
767677
767681
767707
767729
767747
767749
767759
767761
767773
767783
767813
767827
767831
767843
767857
767863
767867
767869
767881
767909
767951
767957
768013
768029
768041
768049
768059
768073
768101
768107
768127
768133
768139
768161
768167
768169
768191
768193
768197
768199
768203
768221
768241
768259
768263
768301
768319
768323
768329
768343
768347
768353
768359
768371
768373
768377
768389
768401
768409
768419
768431
768437
768457
768461
768479
768491
768503
768541
768563
768571
768589
768613
768623
768629
768631
768641
768643
768653
768671
768727
768751
768767
768773
768787
768793
768799
768811
768841
768851
768853
768857
768869
768881
768923
768931
768941
768953
768979
768983
769003
769007
769019
769033
769039
769057
769073
769081
769091
769117
769123
769147
769151
769159
769169
769207
769231
769243
769247
769259
769261
769273
769289
769297
769309
769319
769339
769357
769387
769411
769421
769423
769429
769453
769459
769463
769469
769487
769541
769543
769547
769553
769577
769579
769589
769591
769597
769619
769627
769661
769663
769673
769687
769723
769729
769733
769739
769751
769781
769789
769799
769807
769837
769871
769903
769919
769927
769943
769961
769963
769973
769987
769997
769999
770027
770039
770041
770047
770053
770057
770059
770069
770101
770111
770113
770123
770129
770167
770177
770179
770183
770191
770207
770227
770233
770239
770261
770281
770291
770309
770311
770353
770359
770387
770401
770417
770437
770447
770449
770459
770503
770519
770527
770533
770537
770551
770557
770573
770579
770587
770591
770597
770611
770639
770641
770647
770657
770663
770669
770741
770761
770767
770771
770789
770801
770813
770837
770839
770843
770863
770867
770873
770881
770897
770909
770927
770929
770951
770971
770981
770993
771011
771013
771019
771031
771037
771047
771049
771073
771079
771091
771109
771143
771163
771179
771181
771209
771217
771227
771233
771269
771283
771289
771293
771299
771301
771349
771359
771389
771401
771403
771427
771431
771437
771439
771461
771473
771481
771499
771503
771509
771517
771527
771553
771569
771583
771587
771607
771619
771623
771629
771637
771643
771653
771679
771691
771697
771703
771739
771763
771769
771781
771809
771853
771863
771877
771887
771889
771899
771917
771937
771941
771961
771971
771973
771997
772001
772003
772019
772061
772073
772081
772091
772097
772127
772139
772147
772159
772169
772181
772207
772229
772231
772273
772279
772297
772313
772333
772339
772349
772367
772379
772381
772391
772393
772403
772439
772441
772451
772459
772477
772493
772517
772537
772567
772571
772573
772591
772619
772631
772649
772657
772661
772663
772669
772691
772697
772703
772721
772757
772771
772789
772843
772847
772853
772859
772867
772903
772907
772909
772913
772921
772949
772963
772987
772991
773021
773023
773027
773029
773039
773057
773063
773081
773083
773093
773117
773147
773153
773159
773207
773209
773231
773239
773249
773251
773273
773287
773299
773317
773341
773363
773371
773387
773393
773407
773417
773447
773453
773473
773491
773497
773501
773533
773537
773561
773567
773569
773579
773599
773603
773609
773611
773657
773659
773681
773683
773693
773713
773719
773723
773767
773777
773779
773803
773821
773831
773837
773849
773863
773867
773869
773879
773897
773909
773933
773939
773951
773953
773987
773989
773999
774001
774017
774023
774047
774071
774073
774083
774107
774119
774127
774131
774133
774143
774149
774161
774173
774181
774199
774217
774223
774229
774233
774239
774283
774289
774313
774317
774337
774343
774377
774427
774439
774463
774467
774491
774511
774523
774541
774551
774577
774583
774589
774593
774601
774629
774643
774661
774667
774671
774679
774691
774703
774733
774757
774773
774779
774791
774797
774799
774803
774811
774821
774833
774853
774857
774863
774901
774919
774929
774931
774959
774997
775007
775037
775043
775057
775063
775079
775087
775091
775097
775121
775147
775153
775157
775163
775189
775193
775237
775241
775259
775267
775273
775309
775343
775349
775361
775363
775367
775393
775417
775441
775451
775477
775507
775513
775517
775531
775553
775573
775601
775603
775613
775627
775633
775639
775661
775669
775681
775711
775729
775739
775741
775757
775777
775787
775807
775811
775823
775861
775871
775889
775919
775933
775937
775939
775949
775963
775987
776003
776029
776047
776057
776059
776077
776099
776117
776119
776137
776143
776159
776173
776177
776179
776183
776201
776219
776221
776233
776249
776257
776267
776287
776317
776327
776357
776389
776401
776429
776449
776453
776467
776471
776483
776497
776507
776513
776521
776551
776557
776561
776563
776569
776599
776627
776651
776683
776693
776719
776729
776749
776753
776759
776801
776813
776819
776837
776851
776861
776869
776879
776887
776899
776921
776947
776969
776977
776983
776987
777001
777011
777013
777031
777041
777071
777097
777103
777109
777137
777143
777151
777167
777169
777173
777181
777187
777191
777199
777209
777221
777241
777247
777251
777269
777277
777313
777317
777349
777353
777373
777383
777389
777391
777419
777421
777431
777433
777437
777451
777463
777473
777479
777541
777551
777571
777583
777589
777617
777619
777641
777643
777661
777671
777677
777683
777731
777737
777743
777761
777769
777781
777787
777817
777839
777857
777859
777863
777871
777877
777901
777911
777919
777977
777979
777989
778013
778027
778049
778051
778061
778079
778081
778091
778097
778109
778111
778121
778123
778153
778163
778187
778201
778213
778223
778237
778241
778247
778301
778307
778313
778319
778333
778357
778361
778363
778391
778397
778403
778409
778417
778439
778469
778507
778511
778513
778523
778529
778537
778541
778553
778559
778567
778579
778597
778633
778643
778663
778667
778681
778693
778697
778699
778709
778717
778727
778733
778759
778763
778769
778777
778793
778819
778831
778847
778871
778873
778879
778903
778907
778913
778927
778933
778951
778963
778979
778993
779003
779011
779021
779039
779063
779069
779081
779101
779111
779131
779137
779159
779173
779189
779221
779231
779239
779249
779267
779327
779329
779341
779347
779351
779353
779357
779377
779413
779477
779489
779507
779521
779531
779543
779561
779563
779573
779579
779591
779593
779599
779609
779617
779621
779657
779659
779663
779693
779699
779707
779731
779747
779749
779761
779767
779771
779791
779797
779827
779837
779869
779873
779879
779887
779899
779927
779939
779971
779981
779983
779993
780029
780037
780041
780047
780049
780061
780119
780127
780163
780173
780179
780191
780193
780211
780223
780233
780253
780257
780287
780323
780343
780347
780371
780379
780383
780389
780397
780401
780421
780433
780457
780469
780499
780523
780553
780583
780587
780601
780613
780631
780649
780667
780671
780679
780683
780697
780707
780719
780721
780733
780799
780803
780809
780817
780823
780833
780841
780851
780853
780869
780877
780887
780889
780917
780931
780953
780961
780971
780973
780991
781003
781007
781021
781043
781051
781063
781069
781087
781111
781117
781127
781129
781139
781163
781171
781199
781211
781217
781229
781243
781247
781271
781283
781301
781307
781309
781321
781327
781351
781357
781367
781369
781387
781397
781399
781409
781423
781427
781433
781453
781481
781483
781493
781511
781513
781519
781523
781531
781559
781567
781589
781601
781607
781619
781631
781633
781661
781673
781681
781721
781733
781741
781771
781799
781801
781817
781819
781853
781861
781867
781883
781889
781897
781919
781951
781961
781967
781969
781973
781987
781997
781999
782003
782009
782011
782053
782057
782071
782083
782087
782107
782113
782123
782129
782137
782141
782147
782149
782183
782189
782191
782209
782219
782231
782251
782263
782267
782297
782311
782329
782339
782371
782381
782387
782389
782393
782429
782443
782461
782473
782489
782497
782501
782519
782539
782581
782611
782641
782659
782669
782671
782687
782689
782707
782711
782723
782777
782783
782791
782839
782849
782861
782891
782911
782921
782941
782963
782981
782983
782993
783007
783011
783019
783023
783043
783077
783089
783119
783121
783131
783137
783143
783149
783151
783191
783193
783197
783227
783247
783257
783259
783269
783283
783317
783323
783329
783337
783359
783361
783373
783379
783407
783413
783421
783473
783487
783527
783529
783533
783553
783557
783569
783571
783599
783613
783619
783641
783647
783661
783677
783689
783691
783701
783703
783707
783719
783721
783733
783737
783743
783749
783763
783767
783779
783781
783787
783791
783793
783799
783803
783829
783869
783877
783931
783953
784009
784039
784061
784081
784087
784097
784103
784109
784117
784129
784153
784171
784181
784183
784211
784213
784219
784229
784243
784249
784283
784307
784309
784313
784321
784327
784349
784351
784367
784373
784379
784387
784409
784411
784423
784447
784451
784457
784463
784471
784481
784489
784501
784513
784541
784543
784547
784561
784573
784577
784583
784603
784627
784649
784661
784687
784697
784717
784723
784727
784753
784789
784799
784831
784837
784841
784859
784867
784897
784913
784919
784939
784957
784961
784981
785003
785017
785033
785053
785093
785101
785107
785119
785123
785129
785143
785153
785159
785167
785203
785207
785219
785221
785227
785249
785269
785287
785293
785299
785303
785311
785321
785329
785333
785341
785347
785353
785357
785363
785377
785413
785423
785431
785459
785461
785483
785501
785503
785527
785537
785549
785569
785573
785579
785591
785597
785623
785627
785641
785651
785671
785693
785717
785731
785737
785753
785773
785777
785779
785801
785803
785809
785839
785857
785861
785879
785903
785921
785923
785947
785951
785963
786001
786013
786017
786031
786047
786053
786059
786061
786077
786109
786127
786151
786167
786173
786179
786197
786211
786223
786241
786251
786271
786307
786311
786319
786329
786337
786349
786371
786407
786419
786431
786433
786449
786469
786491
786547
786551
786553
786587
786589
786613
786629
786659
786661
786673
786691
786697
786701
786703
786707
786719
786739
786763
786803
786823
786829
786833
786859
786881
786887
786889
786901
786931
786937
786941
786949
786959
786971
786979
786983
787021
787043
787051
787057
787067
787069
787079
787091
787099
787123
787139
787153
787181
787187
787207
787217
787243
787261
787277
787289
787309
787331
787333
787337
787357
787361
787427
787429
787433
787439
787447
787469
787477
787483
787489
787513
787517
787519
787529
787537
787541
787547
787573
787601
787609
787621
787639
787649
787667
787697
787711
787747
787751
787757
787769
787771
787777
787783
787793
787807
787811
787817
787823
787837
787879
787883
787903
787907
787939
787973
787981
787993
787999
788009
788023
788027
788033
788041
788071
788077
788087
788089
788093
788107
788129
788153
788159
788167
788173
788189
788209
788213
788231
788261
788267
788287
788309
788317
788321
788351
788353
788357
788363
788369
788377
788383
788387
788393
788399
788413
788419
788429
788449
788467
788479
788497
788521
788527
788531
788537
788549
788561
788563
788569
788603
788621
788651
788659
788677
788687
788701
788719
788761
788779
788789
788813
788819
788849
788863
788867
788869
788873
788891
788897
788903
788927
788933
788941
788947
788959
788971
788993
788999
789001
789017
789029
789031
789067
789077
789091
789097
789101
789109
789121
789133
789137
789149
789169
789181
789221
789227
789251
789311
789323
789331
789343
789367
789377
789389
789391
789407
789419
789443
789473
789491
789493
789511
789527
789533
789557
789571
789577
789587
789589
789611
789623
789631
789653
789671
789673
789683
789689
789709
789713
789721
789731
789739
789749
789793
789823
789829
789847
789851
789857
789883
789941
789959
789961
789967
789977
789979
790003
790021
790033
790043
790051
790057
790063
790087
790093
790099
790121
790169
790171
790189
790199
790201
790219
790241
790261
790271
790277
790289
790291
790327
790331
790333
790351
790369
790379
790397
790403
790417
790421
790429
790451
790459
790481
790501
790513
790519
790523
790529
790547
790567
790583
790589
790607
790613
790633
790637
790649
790651
790693
790697
790703
790709
790733
790739
790747
790753
790781
790793
790817
790819
790831
790843
790861
790871
790879
790883
790897
790927
790957
790961
790967
790969
790991
790997
791003
791009
791017
791029
791047
791053
791081
791093
791099
791111
791117
791137
791159
791191
791201
791209
791227
791233
791251
791257
791261
791291
791309
791311
791317
791321
791347
791363
791377
791387
791411
791419
791431
791443
791447
791473
791489
791519
791543
791561
791563
791569
791573
791599
791627
791629
791657
791663
791677
791699
791773
791783
791789
791797
791801
791803
791827
791849
791851
791887
791891
791897
791899
791909
791927
791929
791933
791951
791969
791971
791993
792023
792031
792037
792041
792049
792061
792067
792073
792101
792107
792109
792119
792131
792151
792163
792179
792223
792227
792229
792241
792247
792257
792263
792277
792283
792293
792299
792301
792307
792317
792359
792371
792377
792383
792397
792413
792443
792461
792479
792481
792487
792521
792529
792551
792553
792559
792563
792581
792593
792601
792613
792629
792637
792641
792643
792647
792667
792679
792689
792691
792697
792703
792709
792713
792731
792751
792769
792793
792797
792821
792871
792881
792893
792907
792919
792929
792941
792959
792973
792983
792989
792991
793043
793069
793099
793103
793123
793129
793139
793159
793181
793187
793189
793207
793229
793253
793279
793297
793301
793327
793333
793337
793343
793379
793399
793439
793447
793453
793487
793489
793493
793511
793517
793519
793537
793547
793553
793561
793591
793601
793607
793621
793627
793633
793669
793673
793691
793699
793711
793717
793721
793733
793739
793757
793769
793777
793787
793789
793813
793841
793843
793853
793867
793889
793901
793927
793931
793939
793957
793967
793979
793981
793999
794009
794011
794023
794033
794039
794041
794063
794071
794077
794089
794111
794113
794119
794137
794141
794149
794153
794161
794173
794179
794191
794201
794203
794207
794221
794231
794239
794249
794327
794341
794363
794383
794389
794399
794407
794413
794449
794471
794473
794477
794483
794491
794509
794531
794537
794543
794551
794557
794569
794579
794587
794593
794641
794653
794657
794659
794669
794693
794711
794741
794743
794749
794779
794831
794879
794881
794887
794921
794923
794953
794957
794993
794999
795001
795007
795023
795071
795077
795079
795083
795097
795101
795103
795121
795127
795139
795149
795161
795187
795203
795211
795217
795233
795239
795251
795253
795299
795307
795323
795329
795337
795343
795349
795427
795449
795461
795467
795479
795493
795503
795517
795527
795533
795539
795551
795581
795589
795601
795643
795647
795649
795653
795659
795661
795667
795679
795703
795709
795713
795727
795737
795761
795763
795791
795793
795797
795799
795803
795827
795829
795871
795877
795913
795917
795931
795937
795941
795943
795947
795979
795983
795997
796001
796009
796063
796067
796091
796121
796139
796141
796151
796171
796177
796181
796189
796193
796217
796247
796259
796267
796291
796303
796307
796337
796339
796361
796363
796373
796379
796387
796391
796409
796447
796451
796459
796487
796493
796517
796531
796541
796553
796561
796567
796571
796583
796591
796619
796633
796657
796673
796687
796693
796699
796709
796711
796751
796759
796769
796777
796781
796799
796801
796813
796819
796847
796849
796853
796867
796871
796877
796889
796921
796931
796933
796937
796951
796967
796969
796981
797003
797009
797021
797029
797033
797039
797051
797053
797057
797063
797077
797119
797131
797143
797161
797171
797201
797207
797273
797281
797287
797309
797311
797333
797353
797359
797383
797389
797399
797417
797429
797473
797497
797507
797509
797539
797549
797551
797557
797561
797567
797569
797579
797581
797591
797593
797611
797627
797633
797647
797681
797689
797701
797711
797729
797743
797747
797767
797773
797813
797833
797851
797869
797887
797897
797911
797917
797933
797947
797957
797977
797987
798023
798043
798059
798067
798071
798079
798089
798097
798101
798121
798131
798139
798143
798151
798173
798179
798191
798197
798199
798221
798223
798227
798251
798257
798263
798271
798293
798319
798331
798373
798383
798397
798403
798409
798443
798451
798461
798481
798487
798503
798517
798521
798527
798533
798569
798599
798613
798641
798647
798649
798667
798691
798697
798701
798713
798727
798737
798751
798757
798773
798781
798799
798823
798871
798887
798911
798923
798929
798937
798943
798961
799003
799021
799031
799061
799063
799091
799093
799103
799147
799151
799171
799217
799219
799223
799259
799291
799301
799303
799307
799313
799333
799343
799361
799363
799369
799417
799427
799441
799453
799471
799481
799483
799489
799507
799523
799529
799543
799553
799573
799609
799613
799619
799621
799633
799637
799651
799657
799661
799679
799723
799727
799739
799741
799753
799759
799789
799801
799807
799817
799837
799853
799859
799873
799891
799921
799949
799961
799979
799991
799993
799999
