800011
800029
800053
800057
800077
800083
800089
800113
800117
800119
800123
800131
800143
800159
800161
800171
800209
800213
800221
800231
800237
800243
800281
800287
800291
800311
800329
800333
800351
800357
800399
800407
800417
800419
800441
800447
800473
800477
800483
800497
800509
800519
800521
800533
800537
800539
800549
800557
800573
800587
800593
800599
800621
800623
800647
800651
800659
800663
800669
800677
800687
800693
800707
800711
800729
800731
800741
800743
800759
800773
800783
800801
800861
800873
800879
800897
800903
800909
800923
800953
800959
800971
800977
800993
800999
801001
801007
801011
801019
801037
801061
801077
801079
801103
801107
801127
801137
801179
801187
801197
801217
801247
801277
801289
801293
801301
801331
801337
801341
801349
801371
801379
801403
801407
801419
801421
801461
801469
801487
801503
801517
801539
801551
801557
801569
801571
801607
801611
801617
801631
801641
801677
801683
801701
801707
801709
801733
801761
801791
801809
801811
801817
801833
801841
801859
801883
801947
801949
801959
801973
801989
802007
802019
802027
802031
802037
802073
802103
802121
802127
802129
802133
802141
802147
802159
802163
802177
802181
802183
802189
802231
802253
802279
802283
802297
802331
802339
802357
802387
802421
802441
802453
802463
802471
802499
802511
802523
802531
802573
802583
802589
802597
802603
802609
802643
802649
802651
802661
802667
802709
802721
802729
802733
802751
802759
802777
802783
802787
802793
802799
802811
802829
802831
802873
802909
802913
802933
802951
802969
802979
802987
803027
803041
803053
803057
803059
803087
803093
803119
803141
803171
803189
803207
803227
803237
803251
803269
803273
803287
803311
803323
803333
803347
803359
803389
803393
803399
803417
803441
803443
803447
803449
803461
803479
803483
803497
803501
803513
803519
803549
803587
803591
803609
803611
803623
803629
803651
803659
803669
803687
803717
803729
803731
803741
803749
803813
803819
803849
803857
803867
803893
803897
803911
803921
803927
803939
803963
803977
803987
803989
804007
804017
804031
804043
804059
804073
804077
804091
804107
804113
804119
804127
804157
804161
804179
804191
804197
804203
804211
804239
804259
804281
804283
804313
804317
804329
804337
804341
804367
804371
804383
804409
804443
804449
804473
804493
804497
804511
804521
804523
804541
804553
804571
804577
804581
804589
804607
804611
804613
804619
804653
804689
804697
804703
804709
804743
804751
804757
804761
804767
804803
804823
804829
804833
804847
804857
804877
804889
804893
804901
804913
804919
804929
804941
804943
804983
804989
804997
805019
805027
805031
805033
805037
805061
805067
805073
805081
805097
805099
805109
805111
805121
805153
805159
805177
805187
805213
805219
805223
805241
805249
805267
805271
805279
805289
805297
805309
805313
805327
805331
805333
805339
805369
805381
805397
805403
805421
805451
805463
805471
805487
805499
805501
805507
805517
805523
805531
805537
805559
805573
805583
805589
805633
805639
805687
805703
805711
805723
805729
805741
805757
805789
805799
805807
805811
805843
805853
805859
805867
805873
805877
805891
805901
805913
805933
805967
805991
806009
806011
806017
806023
806027
806033
806041
806051
806059
806087
806107
806111
806129
806137
806153
806159
806177
806203
806213
806233
806257
806261
806263
806269
806291
806297
806317
806329
806363
806369
806371
806381
806383
806389
806447
806453
806467
806483
806503
806513
806521
806543
806549
806579
806581
806609
806639
806657
806671
806719
806737
806761
806783
806789
806791
806801
806807
806821
806857
806893
806903
806917
806929
806941
806947
806951
806977
806999
807011
807017
807071
807077
807083
807089
807097
807113
807119
807127
807151
807181
807187
807193
807197
807203
807217
807221
807241
807251
807259
807281
807299
807337
807371
807379
807383
807403
807407
807409
807419
807427
807463
807473
807479
807487
807491
807493
807509
807511
807523
807539
807559
807571
807607
807613
807629
807637
807647
807689
807707
807731
807733
807749
807757
807787
807797
807809
807817
807869
807871
807901
807907
807923
807931
807941
807943
807949
807973
807997
808019
808021
808039
808081
808097
808111
808147
808153
808169
808177
808187
808211
808217
808229
808237
808261
808267
808307
808309
808343
808349
808351
808361
808363
808369
808373
808391
808399
808417
808421
808439
808441
808459
808481
808517
808523
808553
808559
808579
808589
808597
808601
808603
808627
808637
808651
808679
808681
808693
808699
808721
808733
808739
808747
808751
808771
808777
808789
808793
808837
808853
808867
808919
808937
808957
808961
808981
808991
808993
809023
809041
809051
809063
809087
809093
809101
809141
809143
809147
809173
809177
809189
809201
809203
809213
809231
809239
809243
809261
809269
809273
809297
809309
809323
809339
809357
809359
809377
809383
809399
809401
809407
809423
809437
809443
809447
809453
809461
809491
809507
809521
809527
809563
809569
809579
809581
809587
809603
809629
809701
809707
809719
809729
809737
809741
809747
809749
809759
809771
809779
809797
809801
809803
809821
809827
809833
809839
809843
809869
809891
809903
809909
809917
809929
809981
809983
809993
810013
810023
810049
810053
810059
810071
810079
810091
810109
810137
810149
810151
810191
810193
810209
810223
810239
810253
810259
810269
810281
810307
810319
810343
810349
810353
810361
810367
810377
810379
810389
810391
810401
810409
810419
810427
810437
810443
810457
810473
810487
810493
810503
810517
810533
810539
810541
810547
810553
810571
810581
810583
810587
810643
810653
810659
810671
810697
810737
810757
810763
810769
810791
810809
810839
810853
810871
810881
810893
810907
810913
810923
810941
810949
810961
810967
810973
810989
811037
811039
811067
811081
811099
811123
811127
811147
811157
811163
811171
811183
811193
811199
811207
811231
811241
811253
811259
811273
811277
811289
811297
811337
811351
811379
811387
811411
811429
811441
811457
811469
811493
811501
811511
811519
811523
811553
811561
811583
811607
811619
811627
811637
811649
811651
811667
811691
811697
811703
811709
811729
811747
811753
811757
811763
811771
811777
811799
811819
811861
811871
811879
811897
811919
811931
811933
811957
811961
811981
811991
811997
812011
812033
812047
812051
812057
812081
812101
812129
812137
812167
812173
812179
812183
812191
812213
812221
812233
812249
812257
812267
812281
812297
812299
812309
812341
812347
812351
812353
812359
812363
812381
812387
812393
812401
812431
812443
812467
812473
812477
812491
812501
812503
812519
812527
812587
812597
812599
812627
812633
812639
812641
812671
812681
812689
812699
812701
812711
812717
812731
812759
812761
812807
812849
812857
812869
812921
812939
812963
812969
813013
813017
813023
813041
813049
813061
813083
813089
813091
813097
813107
813121
813133
813157
813167
813199
813203
813209
813217
813221
813227
813251
813269
813277
813283
813287
813299
813301
813311
813343
813361
813367
813377
813383
813401
813419
813427
813443
813493
813499
813503
813511
813529
813541
813559
813577
813583
813601
813613
813623
813647
813677
813697
813707
813721
813749
813767
813797
813811
813817
813829
813833
813847
813863
813871
813893
813907
813931
813961
813971
813991
813997
814003
814007
814013
814019
814031
814043
814049
814061
814063
814067
814069
814081
814097
814127
814129
814139
814171
814183
814193
814199
814211
814213
814237
814241
814243
814279
814309
814327
814337
814367
814379
814381
814393
814399
814403
814423
814447
814469
814477
814493
814501
814531
814537
814543
814559
814577
814579
814601
814603
814609
814631
814633
814643
814687
814699
814717
814741
814747
814763
814771
814783
814789
814799
814823
814829
814841
814859
814873
814883
814889
814901
814903
814927
814937
814939
814943
814949
814991
815029
815033
815047
815053
815063
815123
815141
815149
815159
815173
815197
815209
815231
815251
815257
815261
815273
815279
815291
815317
815333
815341
815351
815389
815401
815411
815413
815417
815431
815453
815459
815471
815491
815501
815519
815527
815533
815539
815543
815569
815587
815599
815621
815623
815627
815653
815663
815669
815671
815681
815687
815693
815713
815729
815809
815819
815821
815831
815851
815869
815891
815897
815923
815933
815939
815953
815963
815977
815989
816019
816037
816043
816047
816077
816091
816103
816113
816121
816131
816133
816157
816161
816163
816169
816191
816203
816209
816217
816223
816227
816239
816251
816271
816317
816329
816341
816353
816367
816377
816401
816427
816443
816451
816469
816499
816521
816539
816547
816559
816581
816587
816589
816593
816649
816653
816667
816689
816691
816703
816709
816743
816763
816769
816779
816811
816817
816821
816839
816841
816847
816857
816859
816869
816883
816887
816899
816911
816917
816919
816929
816941
816947
816961
816971
817013
817027
817039
817049
817051
817073
817081
817087
817093
817111
817123
817127
817147
817151
817153
817163
817169
817183
817211
817237
817273
817277
817279
817291
817303
817319
817321
817331
817337
817357
817379
817403
817409
817433
817457
817463
817483
817519
817529
817549
817561
817567
817603
817637
817651
817669
817679
817697
817709
817711
817721
817723
817727
817757
817769
817777
817783
817787
817793
817823
817837
817841
817867
817871
817877
817889
817891
817897
817907
817913
817919
817933
817951
817979
817987
818011
818017
818021
818093
818099
818101
818113
818123
818143
818171
818173
818189
818219
818231
818239
818249
818281
818287
818291
818303
818309
818327
818339
818341
818347
818353
818359
818371
818383
818393
818399
818413
818429
818453
818473
818509
818561
818569
818579
818581
818603
818621
818659
818683
818687
818689
818707
818717
818723
818813
818819
818821
818827
818837
818887
818897
818947
818959
818963
818969
818977
818999
819001
819017
819029
819031
819037
819061
819073
819083
819101
819131
819149
819157
819167
819173
819187
819229
819239
819241
819251
819253
819263
819271
819289
819307
819311
819317
819319
819367
819373
819389
819391
819407
819409
819419
819431
819437
819443
819449
819457
819463
819473
819487
819491
819493
819499
819503
819509
819523
819563
819583
819593
819607
819617
819619
819629
819647
819653
819659
819673
819691
819701
819719
819737
819739
819761
819769
819773
819781
819787
819799
819811
819823
819827
819829
819853
819899
819911
819913
819937
819943
819977
819989
819991
820037
820051
820067
820073
820093
820109
820117
820129
820133
820163
820177
820187
820201
820213
820223
820231
820241
820243
820247
820271
820273
820279
820319
820321
820331
820333
820343
820349
820361
820367
820399
820409
820411
820427
820429
820441
820459
820481
820489
820537
820541
820559
820577
820597
820609
820619
820627
820637
820643
820649
820657
820679
820681
820691
820711
820723
820733
820747
820753
820759
820763
820789
820793
820837
820873
820891
820901
820907
820909
820921
820927
820957
820969
820991
820997
821003
821027
821039
821053
821057
821063
821069
821081
821089
821099
821101
821113
821131
821143
821147
821153
821167
821173
821207
821209
821263
821281
821291
821297
821311
821329
821333
821377
821383
821411
821441
821449
821459
821461
821467
821477
821479
821489
821497
821507
821519
821551
821573
821603
821641
821647
821651
821663
821677
821741
821747
821753
821759
821771
821801
821803
821809
821819
821827
821833
821851
821857
821861
821869
821879
821897
821911
821939
821941
821971
821993
821999
822007
822011
822013
822037
822049
822067
822079
822113
822131
822139
822161
822163
822167
822169
822191
822197
822221
822223
822229
822233
822253
822259
822277
822293
822299
822313
822317
822323
822329
822343
822347
822361
822379
822383
822389
822391
822407
822431
822433
822517
822539
822541
822551
822553
822557
822571
822581
822587
822589
822599
822607
822611
822631
822667
822671
822673
822683
822691
822697
822713
822721
822727
822739
822743
822761
822763
822781
822791
822793
822803
822821
822823
822839
822853
822881
822883
822889
822893
822901
822907
822949
822971
822973
822989
823001
823003
823013
823033
823051
823117
823127
823129
823153
823169
823177
823183
823201
823219
823231
823237
823241
823243
823261
823271
823283
823309
823337
823349
823351
823357
823373
823399
823421
823447
823451
823457
823481
823483
823489
823499
823519
823541
823547
823553
823573
823591
823601
823619
823621
823637
823643
823651
823663
823679
823703
823709
823717
823721
823723
823727
823729
823741
823747
823759
823777
823787
823789
823799
823819
823829
823831
823841
823843
823877
823903
823913
823961
823967
823969
823981
823993
823997
824017
824029
824039
824063
824069
824077
824081
824099
824123
824137
824147
824179
824183
824189
824191
824227
824231
824233
824269
824281
824287
824339
824393
824399
824401
824413
824419
824437
824443
824459
824477
824489
824497
824501
824513
824531
824539
824563
824591
824609
824641
824647
824651
824669
824671
824683
824699
824701
824723
824741
824749
824753
824773
824777
824779
824801
824821
824833
824843
824861
824893
824899
824911
824921
824933
824939
824947
824951
824977
824981
824983
825001
825007
825017
825029
825047
825049
825059
825067
825073
825101
825107
825109
825131
825161
825191
825193
825199
825203
825229
825241
825247
825259
825277
825281
825283
825287
825301
825329
825337
825343
825347
825353
825361
825389
825397
825403
825413
825421
825439
825443
825467
825479
825491
825509
825527
825533
825547
825551
825553
825577
825593
825611
825613
825637
825647
825661
825679
825689
825697
825701
825709
825733
825739
825749
825763
825779
825791
825821
825827
825829
825857
825883
825889
825919
825947
825959
825961
825971
825983
825991
825997
826019
826037
826039
826051
826061
826069
826087
826093
826097
826129
826151
826153
826169
826171
826193
826201
826211
826271
826283
826289
826303
826313
826333
826339
826349
826351
826363
826379
826381
826391
826393
826403
826411
826453
826477
826493
826499
826541
826549
826559
826561
826571
826583
826603
826607
826613
826621
826663
826667
826669
826673
826681
826697
826699
826711
826717
826723
826729
826753
826759
826783
826799
826807
826811
826831
826849
826867
826879
826883
826907
826921
826927
826939
826957
826963
826967
826979
826997
827009
827023
827039
827041
827063
827087
827129
827131
827143
827147
827161
827213
827227
827231
827251
827269
827293
827303
827311
827327
827347
827369
827389
827417
827423
827429
827443
827447
827461
827473
827501
827521
827537
827539
827549
827581
827591
827599
827633
827639
827677
827681
827693
827699
827719
827737
827741
827767
827779
827791
827803
827809
827821
827833
827837
827843
827851
827857
827867
827873
827899
827903
827923
827927
827929
827941
827969
827987
827989
828007
828011
828013
828029
828043
828059
828067
828071
828101
828109
828119
828127
828131
828133
828169
828199
828209
828221
828239
828277
828349
828361
828371
828379
828383
828397
828407
828409
828431
828449
828517
828523
828547
828557
828577
828587
828601
828637
828643
828649
828673
828677
828691
828697
828701
828703
828721
828731
828743
828757
828787
828797
828809
828811
828823
828829
828833
828859
828871
828881
828889
828899
828901
828917
828923
828941
828953
828967
828977
829001
829013
829057
829063
829069
829093
829097
829111
829121
829123
829151
829159
829177
829187
829193
829211
829223
829229
829237
829249
829267
829273
829289
829319
829349
829399
829453
829457
829463
829469
829501
829511
829519
829537
829547
829561
829601
829613
829627
829637
829639
829643
829657
829687
829693
829709
829721
829723
829727
829729
829733
829757
829789
829811
829813
829819
829831
829841
829847
829849
829867
829877
829883
829949
829967
829979
829987
829993
830003
830017
830041
830051
830099
830111
830117
830131
830143
830153
830173
830177
830191
830233
830237
830257
830267
830279
830293
830309
830311
830327
830329
830339
830341
830353
830359
830363
830383
830387
830411
830413
830419
830441
830447
830449
830477
830483
830497
830503
830513
830549
830551
830561
830567
830579
830587
830591
830597
830617
830639
830657
830677
830693
830719
830729
830741
830743
830777
830789
830801
830827
830833
830839
830849
830861
830873
830887
830891
830899
830911
830923
830939
830957
830981
830989
831023
831031
831037
831043
831067
831071
831073
831091
831109
831139
831161
831163
831167
831191
831217
831221
831239
831253
831287
831301
831323
831329
831361
831367
831371
831373
831407
831409
831431
831433
831437
831443
831461
831503
831529
831539
831541
831547
831553
831559
831583
831587
831599
831617
831619
831631
831643
831647
831653
831659
831661
831679
831683
831697
831707
831709
831713
831731
831739
831751
831757
831769
831781
831799
831811
831821
831829
831847
831851
831863
831881
831889
831893
831899
831911
831913
831917
831967
831983
832003
832063
832079
832081
832103
832109
832121
832123
832129
832141
832151
832157
832159
832189
832211
832217
832253
832291
832297
832309
832327
832331
832339
832361
832367
832369
832373
832379
832399
832411
832421
832427
832451
832457
832477
832483
832487
832493
832499
832519
832583
832591
832597
832607
832613
832621
832627
832631
832633
832639
832673
832679
832681
832687
832693
832703
832709
832717
832721
832729
832747
832757
832763
832771
832787
832801
832837
832841
832861
832879
832883
832889
832913
832919
832927
832933
832943
832957
832963
832969
832973
832987
833009
833023
833033
833047
833057
833099
833101
833117
833171
833177
833179
833191
833197
833201
833219
833251
833269
833281
833293
833299
833309
833347
833353
833363
833377
833389
833429
833449
833453
833461
833467
833477
833479
833491
833509
833537
833557
833563
833593
833597
833617
833633
833659
833669
833689
833711
833713
833717
833719
833737
833747
833759
833783
833801
833821
833839
833843
833857
833873
833887
833893
833897
833923
833927
833933
833947
833977
833999
834007
834013
834023
834059
834107
834131
834133
834137
834143
834149
834151
834181
834199
834221
834257
834259
834269
834277
834283
834287
834299
834311
834341
834367
834433
834439
834469
834487
834497
834503
834511
834523
834527
834569
834571
834593
834599
834607
834611
834623
834629
834641
834643
834653
834671
834703
834709
834721
834761
834773
834781
834787
834797
834809
834811
834829
834857
834859
834893
834913
834941
834947
834949
834959
834961
834983
834991
835001
835013
835019
835033
835039
835097
835099
835117
835123
835139
835141
835207
835213
835217
835249
835253
835271
835313
835319
835321
835327
835369
835379
835391
835399
835421
835427
835441
835451
835453
835459
835469
835489
835511
835531
835553
835559
835591
835603
835607
835609
835633
835643
835661
835663
835673
835687
835717
835721
835733
835739
835759
835789
835811
835817
835819
835823
835831
835841
835847
835859
835897
835909
835927
835931
835937
835951
835957
835973
835979
835987
835993
835997
836047
836063
836071
836107
836117
836131
836137
836149
836153
836159
836161
836183
836189
836191
836203
836219
836233
836239
836243
836267
836291
836299
836317
836327
836347
836351
836369
836377
836387
836413
836449
836471
836477
836491
836497
836501
836509
836567
836569
836573
836609
836611
836623
836657
836663
836677
836683
836699
836701
836707
836713
836729
836747
836749
836753
836761
836789
836807
836821
836833
836839
836861
836863
836873
836879
836881
836917
836921
836939
836951
836971
837017
837043
837047
837059
837071
837073
837077
837079
837107
837113
837139
837149
837157
837191
837203
837257
837271
837283
837293
837307
837313
837359
837367
837373
837377
837379
837409
837413
837439
837451
837461
837467
837497
837503
837509
837521
837533
837583
837601
837611
837619
837631
837659
837667
837673
837677
837679
837721
837731
837737
837773
837779
837797
837817
837833
837847
837853
837887
837923
837929
837931
837937
837943
837979
838003
838021
838037
838039
838043
838063
838069
838091
838093
838099
838133
838139
838141
838153
838157
838169
838171
838193
838207
838247
838249
838349
838351
838363
838367
838379
838391
838393
838399
838403
838421
838429
838441
838447
838459
838463
838471
838483
838517
838547
838553
838561
838571
838583
838589
838597
838601
838609
838613
838631
838633
838657
838667
838687
838693
838711
838751
838757
838769
838771
838777
838781
838807
838813
838837
838853
838889
838897
838909
838913
838919
838927
838931
838939
838949
838951
838963
838969
838991
838993
839009
839029
839051
839071
839087
839117
839131
839161
839203
839207
839221
839227
839261
839269
839303
839323
839327
839351
839353
839369
839381
839413
839429
839437
839441
839453
839459
839471
839473
839483
839491
839497
839519
839539
839551
839563
839599
839603
839609
839611
839617
839621
839633
839651
839653
839669
839693
839723
839731
839767
839771
839791
839801
839809
839831
839837
839873
839879
839887
839897
839899
839903
839911
839921
839957
839959
839963
839981
839999
840023
840053
840061
840067
840083
840109
840137
840139
840149
840163
840179
840181
840187
840197
840223
840239
840241
840253
840269
840277
840289
840299
840319
840331
840341
840347
840353
840439
840451
840457
840467
840473
840479
840491
840523
840547
840557
840571
840589
840601
840611
840643
840661
840683
840703
840709
840713
840727
840733
840743
840757
840761
840767
840817
840821
840823
840839
840841
840859
840863
840907
840911
840923
840929
840941
840943
840967
840979
840989
840991
841003
841013
841019
841021
841063
841069
841079
841081
841091
841097
841103
841147
841157
841189
841193
841207
841213
841219
841223
841231
841237
841241
841259
841273
841277
841283
841289
841297
841307
841327
841333
841349
841369
841391
841397
841411
841427
841447
841457
841459
841541
841549
841559
841573
841597
841601
841637
841651
841661
841663
841691
841697
841727
841741
841751
841793
841801
841849
841859
841873
841879
841889
841913
841921
841927
841931
841933
841979
841987
842003
842021
842041
842047
842063
842071
842077
842081
842087
842089
842111
842113
842141
842147
842159
842161
842167
842173
842183
842203
842209
842249
842267
842279
842291
842293
842311
842321
842323
842339
842341
842351
842353
842371
842383
842393
842399
842407
842417
842419
842423
842447
842449
842473
842477
842483
842489
842497
842507
842519
842521
842531
842551
842581
842587
842599
842617
842623
842627
842657
842701
842729
842747
842759
842767
842771
842791
842801
842813
842819
842857
842869
842879
842887
842923
842939
842951
842957
842969
842977
842981
842987
842993
843043
843067
843079
843091
843103
843113
843127
843131
843137
843173
843179
843181
843209
843211
843229
843253
843257
843289
843299
843301
843307
843331
843347
843361
843371
843377
843379
843383
843397
843443
843449
843457
843461
843473
843487
843497
843503
843527
843539
843553
843559
843587
843589
843607
843613
843629
843643
843649
843677
843679
843701
843737
843757
843763
843779
843781
843793
843797
843811
843823
843833
843841
843881
843883
843889
843901
843907
843911
844001
844013
844043
844061
844069
844087
844093
844111
844117
844121
844127
844139
844141
844153
844157
844163
844183
844187
844199
844201
844243
844247
844253
844279
844289
844297
844309
844321
844351
844369
844421
844427
844429
844433
844439
844447
844453
844457
844463
844469
844483
844489
844499
844507
844511
844513
844517
844523
844549
844553
844601
844603
844609
844619
844621
844631
844639
844643
844651
844709
844717
844733
844757
844763
844769
844771
844777
844841
844847
844861
844867
844891
844897
844903
844913
844927
844957
844999
845003
845017
845021
845027
845041
845069
845083
845099
845111
845129
845137
845167
845179
845183
845197
845203
845209
845219
845231
845237
845261
845279
845287
845303
845309
845333
845347
845357
845363
845371
845381
845387
845431
845441
845447
845459
845489
845491
845531
845567
845599
845623
845653
845657
845659
845683
845717
845723
845729
845749
845753
845771
845777
845809
845833
845849
845863
845879
845881
845893
845909
845921
845927
845941
845951
845969
845981
845983
845987
845989
846037
846059
846061
846067
846113
846137
846149
846161
846179
846187
846217
846229
846233
846247
846259
846271
846323
846341
846343
846353
846359
846361
846383
846389
846397
846401
846403
846407
846421
846427
846437
846457
846487
846493
846499
846529
846563
846577
846589
846647
846661
846667
846673
846689
846721
846733
846739
846749
846751
846757
846779
846823
846841
846851
846869
846871
846877
846913
846917
846919
846931
846943
846949
846953
846961
846973
846977
846983
846997
847009
847031
847037
847043
847051
847069
847073
847079
847097
847103
847109
847129
847139
847151
847157
847163
847169
847193
847201
847213
847219
847237
847247
847271
847277
847279
847283
847309
847321
847339
847361
847367
847373
847393
847423
847453
847477
847493
847499
847507
847519
847531
847537
847543
847549
847577
847589
847601
847607
847621
847657
847663
847673
847681
847687
847697
847703
847727
847729
847741
847787
847789
847813
847817
847853
847871
847883
847901
847919
847933
847937
847949
847967
847969
847991
847993
847997
848017
848051
848087
848101
848119
848123
848131
848143
848149
848173
848201
848203
848213
848227
848251
848269
848273
848297
848321
848359
848363
848383
848387
848399
848417
848423
848429
848443
848461
848467
848473
848489
848531
848537
848557
848567
848579
848591
848593
848599
848611
848629
848633
848647
848651
848671
848681
848699
848707
848713
848737
848747
848761
848779
848789
848791
848797
848803
848807
848839
848843
848849
848851
848857
848879
848893
848909
848921
848923
848927
848933
848941
848959
848983
848993
849019
849047
849049
849061
849083
849097
849103
849119
849127
849131
849143
849161
849179
849197
849203
849217
849221
849223
849241
849253
849271
849301
849311
849347
849349
849353
849383
849391
849419
849427
849461
849467
849481
849523
849533
849539
849571
849581
849587
849593
849599
849601
849649
849691
849701
849703
849721
849727
849731
849733
849743
849763
849767
849773
849829
849833
849839
849857
849869
849883
849917
849923
849931
849943
849967
849973
849991
849997
850009
850021
850027
850033
850043
850049
850061
850063
850081
850093
850121
850133
850139
850147
850177
850181
850189
850207
850211
850229
850243
850247
850253
850261
850271
850273
850301
850303
850331
850337
850349
850351
850373
850387
850393
850397
850403
850417
850427
850433
850439
850453
850457
850481
850529
850537
850567
850571
850613
850631
850637
850673
850679
850691
850711
850727
850753
850781
850807
850823
850849
850853
850879
850891
850897
850933
850943
850951
850973
850979
851009
851017
851033
851041
851051
851057
851087
851093
851113
851117
851131
851153
851159
851171
851177
851197
851203
851209
851231
851239
851251
851261
851267
851273
851293
851297
851303
851321
851327
851351
851359
851363
851381
851387
851393
851401
851413
851419
851423
851449
851471
851491
851507
851519
851537
851549
851569
851573
851597
851603
851623
851633
851639
851647
851659
851671
851677
851689
851723
851731
851749
851761
851797
851801
851803
851813
851821
851831
851839
851843
851863
851881
851891
851899
851953
851957
851971
852011
852013
852031
852037
852079
852101
852121
852139
852143
852149
852151
852167
852179
852191
852197
852199
852211
852233
852239
852253
852259
852263
852287
852289
852301
852323
852347
852367
852391
852409
852427
852437
852457
852463
852521
852557
852559
852563
852569
852581
852583
852589
852613
852617
852623
852641
852661
852671
852673
852689
852749
852751
852757
852763
852769
852793
852799
852809
852827
852829
852833
852847
852851
852857
852871
852881
852889
852893
852913
852937
852953
852959
852989
852997
853007
853031
853033
853049
853057
853079
853091
853103
853123
853133
853159
853187
853189
853211
853217
853241
853283
853289
853291
853319
853339
853357
853387
853403
853427
853429
853439
853477
853481
853493
853529
853543
853547
853571
853577
853597
853637
853663
853667
853669
853687
853693
853703
853717
853733
853739
853759
853763
853793
853799
853807
853813
853819
853823
853837
853843
853873
853889
853901
853903
853913
853933
853949
853969
853981
853999
854017
854033
854039
854041
854047
854053
854083
854089
854093
854099
854111
854123
854129
854141
854149
854159
854171
854213
854257
854263
854299
854303
854323
854327
854333
854351
854353
854363
854383
854387
854407
854417
854419
854423
854431
854443
854459
854461
854467
854479
854527
854533
854569
854587
854593
854599
854617
854621
854629
854647
854683
854713
854729
854747
854771
854801
854807
854849
854869
854881
854897
854899
854921
854923
854927
854929
854951
854957
854963
854993
854999
855031
855059
855061
855067
855079
855089
855119
855131
855143
855187
855191
855199
855203
855221
855229
855241
855269
855271
855277
855293
855307
855311
855317
855331
855359
855373
855377
855391
855397
855401
855419
855427
855431
855461
855467
855499
855511
855521
855527
855581
855601
855607
855619
855641
855667
855671
855683
855697
855709
855713
855719
855721
855727
855731
855733
855737
855739
855781
855787
855821
855851
855857
855863
855887
855889
855901
855919
855923
855937
855947
855983
855989
855997
856021
856043
856057
856061
856073
856081
856099
856111
856117
856133
856139
856147
856153
856169
856181
856187
856213
856237
856241
856249
856277
856279
856301
856309
856333
856343
856351
856369
856381
856391
856393
856411
856417
856421
856441
856459
856469
856483
856487
856507
856519
856529
856547
856549
856553
856567
856571
856627
856637
856649
856693
856697
856699
856703
856711
856717
856721
856733
856759
856787
856789
856799
856811
856813
856831
856841
856847
856853
856897
856901
856903
856909
856927
856939
856943
856949
856969
856993
857009
857011
857027
857029
857039
857047
857053
857069
857081
857083
857099
857107
857137
857161
857167
857201
857203
857221
857249
857267
857273
857281
857287
857309
857321
857333
857341
857347
857357
857369
857407
857411
857419
857431
857453
857459
857471
857513
857539
857551
857567
857569
857573
857579
857581
857629
857653
857663
857669
857671
857687
857707
857711
857713
857723
857737
857741
857743
857749
857809
857821
857827
857839
857851
857867
857873
857897
857903
857929
857951
857953
857957
857959
857963
857977
857981
858001
858029
858043
858073
858083
858101
858103
858113
858127
858149
858161
858167
858217
858223
858233
858239
858241
858251
858259
858269
858281
858293
858301
858307
858311
858317
858373
858397
858427
858433
858457
858463
858467
858479
858497
858503
858527
858563
858577
858589
858623
858631
858673
858691
858701
858707
858709
858713
858749
858757
858763
858769
858787
858817
858821
858833
858841
858859
858877
858883
858899
858911
858919
858931
858943
858953
858961
858989
858997
859003
859031
859037
859049
859051
859057
859081
859091
859093
859109
859121
859181
859189
859213
859223
859249
859259
859267
859273
859277
859279
859297
859321
859361
859363
859373
859381
859393
859423
859433
859447
859459
859477
859493
859513
859553
859559
859561
859567
859577
859601
859603
859609
859619
859633
859657
859667
859669
859679
859681
859697
859709
859751
859783
859787
859799
859801
859823
859841
859849
859853
859861
859891
859913
859919
859927
859933
859939
859973
859981
859987
860009
860011
860029
860051
860059
860063
860071
860077
860087
860089
860107
860113
860117
860143
860239
860257
860267
860291
860297
860309
860311
860317
860323
860333
860341
860351
860357
860369
860381
860383
860393
860399
860413
860417
860423
860441
860479
860501
860507
860513
860533
860543
860569
860579
860581
860593
860599
860609
860623
860641
860647
860663
860689
860701
860747
860753
860759
860779
860789
860791
860809
860813
860819
860843
860861
860887
860891
860911
860917
860921
860927
860929
860939
860941
860957
860969
860971
861001
861013
861019
861031
861037
861043
861053
861059
861079
861083
861089
861109
861121
861131
861139
861163
861167
861191
861199
861221
861239
861293
861299
861317
861347
861353
861361
861391
861433
861437
861439
861491
861493
861499
861541
861547
861551
861559
861563
861571
861589
861599
861613
861617
861647
861659
861691
861701
861703
861719
861733
861739
861743
861761
861797
861799
861803
861823
861829
861853
861857
861871
861877
861881
861899
861901
861907
861929
861937
861941
861947
861977
861979
861997
862009
862013
862031
862033
862061
862067
862097
862117
862123
862129
862139
862157
862159
862171
862177
862181
862187
862207
862219
862229
862231
862241
862249
862259
862261
862273
862283
862289
862297
862307
862319
862331
862343
862369
862387
862397
862399
862409
862417
862423
862441
862447
862471
862481
862483
862487
862493
862501
862541
862553
862559
862567
862571
862573
862583
862607
862627
862633
862649
862651
862669
862703
862727
862739
862769
862777
862783
862789
862811
862819
862861
862879
862907
862909
862913
862919
862921
862943
862957
862973
862987
862991
862997
863003
863017
863047
863081
863087
863119
863123
863131
863143
863153
863179
863197
863231
863251
863279
863287
863299
863309
863323
863363
863377
863393
863479
863491
863497
863509
863521
863537
863539
863561
863593
863609
863633
863641
863671
863689
863693
863711
863729
863743
863749
863767
863771
863783
863801
863803
863833
863843
863851
863867
863869
863879
863887
863897
863899
863909
863917
863921
863959
863983
864007
864011
864013
864029
864037
864047
864049
864053
864077
864079
864091
864103
864107
864119
864121
864131
864137
864151
864167
864169
864191
864203
864211
864221
864223
864251
864277
864289
864299
864301
864307
864319
864323
864341
864359
864361
864379
864407
864419
864427
864439
864449
864491
864503
864509
864511
864533
864541
864551
864581
864583
864587
864613
864623
864629
864631
864641
864673
864679
864691
864707
864733
864737
864757
864781
864793
864803
864811
864817
864883
864887
864901
864911
864917
864947
864953
864959
864967
864979
864989
865001
865003
865043
865049
865057
865061
865069
865087
865091
865103
865121
865153
865159
865177
865201
865211
865213
865217
865231
865247
865253
865259
865261
865301
865307
865313
865321
865327
865339
865343
865349
865357
865363
865379
865409
865457
865477
865481
865483
865493
865499
865511
865537
865577
865591
865597
865609
865619
865637
865639
865643
865661
865681
865687
865717
865721
865729
865741
865747
865751
865757
865769
865771
865783
865801
865807
865817
865819
865829
865847
865859
865867
865871
865877
865889
865933
865937
865957
865979
865993
866003
866009
866011
866029
866051
866053
866057
866081
866083
866087
866093
866101
866119
866123
866161
866183
866197
866213
866221
866231
866279
866293
866309
866311
866329
866353
866389
866399
866417
866431
866443
866461
866471
866477
866513
866519
866573
866581
866623
866629
866639
866641
866653
866683
866689
866693
866707
866713
866717
866737
866743
866759
866777
866783
866819
866843
866849
866851
866857
866869
866909
866917
866927
866933
866941
866953
866963
866969
867001
867007
867011
867023
867037
867059
867067
867079
867091
867121
867131
867143
867151
867161
867173
867203
867211
867227
867233
867253
867257
867259
867263
867271
867281
867301
867319
867337
867343
867371
867389
867397
867401
867409
867413
867431
867443
867457
867463
867467
867487
867509
867511
867541
867547
867553
867563
867571
867577
867589
867617
867619
867623
867631
867641
867653
867677
867679
867689
867701
867719
867733
867743
867773
867781
867793
867803
867817
867827
867829
867857
867871
867887
867913
867943
867947
867959
867991
868019
868033
868039
868051
868069
868073
868081
868103
868111
868121
868123
868151
868157
868171
868177
868199
868211
868229
868249
868267
868271
868277
868291
868313
868327
868331
868337
868349
868369
868379
868381
868397
868409
868423
868451
868453
868459
868487
868489
868493
868529
868531
868537
868559
868561
868577
868583
868603
868613
868639
868663
868669
868691
868697
868727
868739
868741
868771
868783
868787
868793
868799
868801
868817
868841
868849
868867
868873
868877
868883
868891
868909
868937
868939
868943
868951
868957
868993
868997
868999
869017
869021
869039
869053
869059
869069
869081
869119
869131
869137
869153
869173
869179
869203
869233
869249
869251
869257
869273
869291
869293
869299
869303
869317
869321
869339
869369
869371
869381
869399
869413
869419
869437
869443
869461
869467
869471
869489
869501
869521
869543
869551
869563
869579
869587
869597
869599
869657
869663
869683
869689
869707
869717
869747
869753
869773
869777
869779
869807
869809
869819
869849
869863
869879
869887
869893
869899
869909
869927
869951
869959
869983
869989
870007
870013
870031
870047
870049
870059
870083
870097
870109
870127
870131
870137
870151
870161
870169
870173
870197
870211
870223
870229
870239
870241
870253
870271
870283
870301
870323
870329
870341
870367
870391
870403
870407
870413
870431
870433
870437
870461
870479
870491
870497
870517
870533
870547
870577
870589
870593
870601
870613
870629
870641
870643
870679
870691
870703
870731
870739
870743
870773
870787
870809
870811
870823
870833
870847
870853
870871
870889
870901
870907
870911
870917
870929
870931
870953
870967
870977
870983
870997
871001
871021
871027
871037
871061
871103
871147
871159
871163
871177
871181
871229
871231
871249
871259
871271
871289
871303
871337
871349
871393
871439
871459
871463
871477
871513
871517
871531
871553
871571
871589
871597
871613
871621
871639
871643
871649
871657
871679
871681
871687
871727
871763
871771
871789
871817
871823
871837
871867
871883
871901
871919
871931
871957
871963
871973
871987
871993
872017
872023
872033
872041
872057
872071
872077
872089
872099
872107
872129
872141
872143
872149
872159
872161
872173
872177
872189
872203
872227
872231
872237
872243
872251
872257
872269
872281
872317
872323
872351
872353
872369
872381
872383
872387
872393
872411
872419
872429
872437
872441
872453
872471
872477
872479
872533
872549
872561
872563
872567
872587
872609
872611
872621
872623
872647
872657
872659
872671
872687
872731
872737
872747
872749
872761
872789
872791
872843
872863
872923
872947
872951
872953
872959
872999
873017
873043
873049
873073
873079
873083
873091
873109
873113
873121
873133
873139
873157
873209
873247
873251
873263
873293
873317
873319
873331
873343
873349
873359
873403
873407
873419
873421
873427
873437
873461
873463
873469
873497
873527
873529
873539
873541
873553
873569
873571
873617
873619
873641
873643
873659
873667
873671
873689
873707
873709
873721
873727
873739
873767
873773
873781
873787
873863
873877
873913
873959
873979
873989
873991
874001
874009
874037
874063
874087
874091
874099
874103
874109
874117
874121
874127
874151
874193
874213
874217
874229
874249
874267
874271
874277
874301
874303
874331
874337
874343
874351
874373
874387
874397
874403
874409
874427
874457
874459
874477
874487
874537
874543
874547
874567
874583
874597
874619
874637
874639
874651
874661
874673
874681
874693
874697
874711
874721
874723
874729
874739
874763
874771
874777
874799
874807
874813
874823
874831
874847
874859
874873
874879
874889
874891
874919
874957
874967
874987
875011
875027
875033
875089
875107
875113
875117
875129
875141
875183
875201
875209
875213
875233
875239
875243
875261
875263
875267
875269
875297
875299
875317
875323
875327
875333
875339
875341
875363
875377
875389
875393
875417
875419
875429
875443
875447
875477
875491
875503
875509
875513
875519
875521
875543
875579
875591
875593
875617
875621
875627
875629
875647
875659
875663
875681
875683
875689
875701
875711
875717
875731
875741
875759
875761
875773
875779
875783
875803
875821
875837
875851
875893
875923
875929
875933
875947
875969
875981
875983
876011
876013
876017
876019
876023
876041
876067
876077
876079
876097
876103
876107
876121
876131
876137
876149
876181
876191
876193
876199
876203
876229
876233
876257
876263
876287
876301
876307
876311
876329
876331
876341
876349
876371
876373
876431
876433
876443
876479
876481
876497
876523
876529
876569
876581
876593
876607
876611
876619
876643
876647
876653
876661
876677
876719
876721
876731
876749
876751
876761
876769
876787
876791
876797
876817
876823
876833
876851
876853
876871
876893
876913
876929
876947
876971
877003
877027
877043
877057
877073
877091
877109
877111
877117
877133
877169
877181
877187
877199
877213
877223
877237
877267
877291
877297
877301
877313
877321
877333
877343
877351
877361
877367
877379
877397
877399
877403
877411
877423
877463
877469
877531
877543
877567
877573
877577
877601
877609
877619
877621
877651
877661
877699
877739
877771
877783
877817
877823
877837
877843
877853
877867
877871
877873
877879
877883
877907
877909
877937
877939
877949
877997
878011
878021
878023
878039
878041
878077
878083
878089
878099
878107
878113
878131
878147
878153
878159
878167
878173
878183
878191
878197
878201
878221
878239
878279
878287
878291
878299
878309
878359
878377
878387
878411
878413
878419
878443
878453
878467
878489
878513
878539
878551
878567
878573
878593
878597
878609
878621
878629
878641
878651
878659
878663
878677
878681
878699
878719
878737
878743
878749
878777
878783
878789
878797
878821
878831
878833
878837
878851
878863
878869
878873
878893
878929
878939
878953
878957
878987
878989
879001
879007
879023
879031
879061
879089
879097
879103
879113
879119
879133
879143
879167
879169
879181
879199
879227
879239
879247
879259
879269
879271
879283
879287
879299
879331
879341
879343
879353
879371
879391
879401
879413
879449
879457
879493
879523
879533
879539
879553
879581
879583
879607
879617
879623
879629
879649
879653
879661
879667
879673
879679
879689
879691
879701
879707
879709
879713
879721
879743
879797
879799
879817
879821
879839
879859
879863
879881
879917
879919
879941
879953
879961
879973
879979
880001
880007
880021
880027
880031
880043
880057
880067
880069
880091
880097
880109
880127
880133
880151
880153
880199
880211
880219
880223
880247
880249
880259
880283
880301
880303
880331
880337
880343
880349
880361
880367
880409
880421
880423
880427
880483
880487
880513
880519
880531
880541
880543
880553
880559
880571
880573
880589
880603
880661
880667
880673
880681
880687
880699
880703
880709
880723
880727
880729
880751
880793
880799
880801
880813
880819
880823
880853
880861
880871
880883
880903
880907
880909
880939
880949
880951
880961
880981
880993
881003
881009
881017
881029
881057
881071
881077
881099
881119
881141
881143
881147
881159
881171
881173
881191
881197
881207
881219
881233
881249
881269
881273
881311
881317
881327
881333
881351
881357
881369
881393
881407
881411
881417
881437
881449
881471
881473
881477
881479
881509
881527
881533
881537
881539
881591
881597
881611
881641
881663
881669
881681
881707
881711
881729
881743
881779
881813
881833
881849
881897
881899
881911
881917
881939
881953
881963
881983
881987
882017
882019
882029
882031
882047
882061
882067
882071
882083
882103
882139
882157
882169
882173
882179
882187
882199
882239
882241
882247
882251
882253
882263
882289
882313
882359
882367
882377
882389
882391
882433
882439
882449
882451
882461
882481
882491
882517
882529
882551
882571
882577
882587
882593
882599
882617
882631
882653
882659
882697
882701
882703
882719
882727
882733
882751
882773
882779
882823
882851
882863
882877
882881
882883
882907
882913
882923
882943
882953
882961
882967
882979
883013
883049
883061
883073
883087
883093
883109
883111
883117
883121
883163
883187
883193
883213
883217
883229
883231
883237
883241
883247
883249
883273
883279
883307
883327
883331
883339
883343
883357
883391
883397
883409
883411
883423
883429
883433
883451
883471
883483
883489
883517
883537
883549
883577
883579
883613
883621
883627
883639
883661
883667
883691
883697
883699
883703
883721
883733
883739
883763
883777
883781
883783
883807
883871
883877
883889
883921
883933
883963
883969
883973
883979
883991
884003
884011
884029
884057
884069
884077
884087
884111
884129
884131
884159
884167
884171
884183
884201
884227
884231
884243
884251
884267
884269
884287
884293
884309
884311
884321
884341
884353
884363
884369
884371
884417
884423
884437
884441
884453
884483
884489
884491
884497
884501
884537
884573
884579
884591
884593
884617
884651
884669
884693
884699
884717
884743
884789
884791
884803
884813
884827
884831
884857
884881
884899
884921
884951
884959
884977
884981
884987
884999
885023
885041
885061
885083
885091
885097
885103
885107
885127
885133
885161
885163
885169
885187
885217
885223
885233
885239
885251
885257
885263
885289
885301
885307
885331
885359
885371
885383
885389
885397
885403
885421
885427
885449
885473
885487
885497
885503
885509
885517
885529
885551
885553
885589
885607
885611
885623
885679
885713
885721
885727
885733
885737
885769
885791
885793
885803
885811
885821
885823
885839
885869
885881
885883
885889
885893
885919
885923
885931
885943
885947
885959
885961
885967
885971
885977
885991
886007
886013
886019
886021
886031
886043
886069
886097
886117
886129
886163
886177
886181
886183
886189
886199
886241
886243
886247
886271
886283
886307
886313
886337
886339
886349
886367
886381
886387
886421
886427
886429
886433
886453
886463
886469
886471
886493
886511
886517
886519
886537
886541
886547
886549
886583
886591
886607
886609
886619
886643
886651
886663
886667
886741
886747
886751
886759
886777
886793
886799
886807
886819
886859
886867
886891
886909
886913
886967
886969
886973
886979
886981
886987
886993
886999
887017
887057
887059
887069
887093
887101
887113
887141
887143
887153
887171
887177
887191
887203
887233
887261
887267
887269
887291
887311
887323
887333
887377
887387
887399
887401
887423
887441
887449
887459
887479
887483
887503
887533
887543
887567
887569
887573
887581
887599
887617
887629
887633
887641
887651
887657
887659
887669
887671
887681
887693
887701
887707
887717
887743
887749
887759
887819
887827
887837
887839
887849
887867
887903
887911
887921
887923
887941
887947
887987
887989
888001
888011
888047
888059
888061
888077
888091
888103
888109
888133
888143
888157
888161
888163
888179
888203
888211
888247
888257
888263
888271
888287
888313
888319
888323
888359
888361
888373
888389
888397
888409
888413
888427
888431
888443
888451
888457
888469
888479
888493
888499
888533
888541
888557
888623
888631
888637
888653
888659
888661
888683
888689
888691
888721
888737
888751
888761
888773
888779
888781
888793
888799
888809
888827
888857
888869
888871
888887
888917
888919
888931
888959
888961
888967
888983
888989
888997
889001
889027
889037
889039
889043
889051
889069
889081
889087
889123
889139
889171
889177
889211
889237
889247
889261
889271
889279
889289
889309
889313
889327
889337
889349
889351
889363
889367
889373
889391
889411
889429
889439
889453
889481
889489
889501
889519
889579
889589
889597
889631
889639
889657
889673
889687
889697
889699
889703
889727
889747
889769
889783
889829
889871
889873
889877
889879
889891
889901
889907
889909
889921
889937
889951
889957
889963
889997
890003
890011
890027
890053
890063
890083
890107
890111
890117
890119
890129
890147
890159
890161
890177
890221
890231
890237
890287
890291
890303
890317
890333
890371
890377
890419
890429
890437
890441
890459
890467
890501
890531
890543
890551
890563
890597
890609
890653
890657
890671
890683
890707
890711
890717
890737
890761
890789
890797
890803
890809
890821
890833
890843
890861
890863
890867
890881
890887
890893
890927
890933
890941
890957
890963
890969
890993
890999
891001
891017
891047
891049
891061
891067
891091
891101
891103
891133
891151
891161
891173
891179
891223
891239
891251
891277
891287
891311
891323
891329
891349
891377
891379
891389
891391
891409
891421
891427
891439
891481
891487
891491
891493
891509
891521
891523
891551
891557
891559
891563
891571
891577
891587
891593
891601
891617
891629
891643
891647
891659
891661
891677
891679
891707
891743
891749
891763
891767
891797
891799
891809
891817
891823
891827
891829
891851
891859
891887
891889
891893
891899
891907
891923
891929
891967
891983
891991
891997
892019
892027
892049
892057
892079
892091
892093
892097
892103
892123
892141
892153
892159
892169
892189
892219
892237
892249
892253
892261
892267
892271
892291
892321
892351
892357
892387
892391
892421
892433
892439
892457
892471
892481
892513
892523
892531
892547
892553
892559
892579
892597
892603
892609
892627
892643
892657
892663
892667
892709
892733
892747
892757
892763
892777
892781
892783
892817
892841
892849
892861
892877
892901
892919
892933
892951
892973
892987
892999
893003
893023
893029
893033
893041
893051
893059
893093
893099
893107
893111
893117
893119
893131
893147
893149
893161
893183
893213
893219
893227
893237
893257
893261
893281
893317
893339
893341
893351
893359
893363
893381
893383
893407
893413
893419
893429
893441
893449
893479
893489
893509
893521
893549
893567
893591
893603
893609
893653
893657
893671
893681
893701
893719
893723
893743
893777
893797
893821
893839
893857
893863
893873
893881
893897
893903
893917
893929
893933
893939
893989
893999
894011
894037
894059
894067
894073
894097
894109
894119
894137
894139
894151
894161
894167
894181
894191
894193
894203
894209
894211
894221
894227
894233
894239
894247
894259
894277
894281
894287
894301
894329
894343
894371
894391
894403
894407
894409
894419
894427
894431
894449
894451
894503
894511
894521
894527
894541
894547
894559
894581
894589
894611
894613
894637
894643
894667
894689
894709
894713
894721
894731
894749
894763
894779
894791
894793
894811
894869
894871
894893
894917
894923
894947
894973
894997
895003
895007
895009
895039
895049
895051
895079
895087
895127
895133
895151
895157
895159
895171
895189
895211
895231
895241
895243
895247
895253
895277
895283
895291
895309
895313
895319
895333
895343
895351
895357
895361
895387
895393
895421
895423
895457
895463
895469
895471
895507
895529
895553
895571
895579
895591
895613
895627
895633
895649
895651
895667
895669
895673
895681
895691
895703
895709
895721
895729
895757
895771
895777
895787
895789
895799
895801
895813
895823
895841
895861
895879
895889
895901
895903
895913
895927
895933
895957
895987
896003
896009
896047
896069
896101
896107
896111
896113
896123
896143
896167
896191
896201
896263
896281
896293
896297
896299
896323
896327
896341
896347
896353
896369
896381
896417
896443
896447
896449
896453
896479
896491
896509
896521
896531
896537
896543
896549
896557
896561
896573
896587
896617
896633
896647
896669
896677
896681
896717
896719
896723
896771
896783
896803
896837
896867
896879
896897
896921
896927
896947
896953
896963
896983
897007
897011
897019
897049
897053
897059
897067
897077
897101
897103
897119
897133
897137
897157
897163
897191
897223
897229
897241
897251
897263
897269
897271
897301
897307
897317
897319
897329
897349
897359
897373
897401
897433
897443
897461
897467
897469
897473
897497
897499
897517
897527
897553
897557
897563
897571
897577
897581
897593
897601
897607
897629
897647
897649
897671
897691
897703
897707
897709
897727
897751
897779
897781
897817
897829
897847
897877
897881
897887
897899
897907
897931
897947
897971
897983
898013
898019
898033
898063
898067
898069
898091
898097
898109
898129
898133
898147
898153
898171
898181
898189
898199
898211
898213
898223
898231
898241
898243
898253
898259
898279
898283
898291
898307
898319
898327
898361
898369
898409
898421
898423
898427
898439
898459
898477
898481
898483
898493
898519
898523
898543
898549
898553
898561
898607
898613
898621
898661
898663
898669
898673
898691
898717
898727
898753
898763
898769
898787
898813
898819
898823
898853
898867
898873
898889
898897
898921
898927
898951
898981
898987
899009
899051
899057
899069
899123
899149
899153
899159
899161
899177
899179
899183
899189
899209
899221
899233
899237
899263
899273
899291
899309
899321
899387
899401
899413
899429
899447
899467
899473
899477
899491
899519
899531
899537
899611
899617
899659
899671
899681
899687
899693
899711
899719
899749
899753
899761
899779
899791
899807
899831
899849
899851
899863
899881
899891
899893
899903
899917
899939
899971
899981
900001
